(0.516003402287927+0j) 0j 0j 0j 0j (0.31836205151780356+0j) 0j 0j 0j 0j (0.10243471728463943+0j) 0j 0j 0j 0j (0.0631998289096301+0j) 
(0.5160607116526639+0j) 0j 0j 0j 0j (0.31807382723065136+0j) 0j 0j 0j 0j (0.10261318511180546+0j) 0j 0j 0j 0j (0.06325227600487952+0j) 
(0.5161178438678633+0j) 0j 0j 0j 0j (0.3177862981209085+0j) 0j 0j 0j 0j (0.10279139897809016+0j) 0j 0j 0j 0j (0.0633044590331382+0j) 
(0.5161747884483645+0j) 0j 0j 0j 0j (0.31749950575094277+0j) 0j 0j 0j 0j (0.10296934301804449+0j) 0j 0j 0j 0j (0.06335636278264825+0j) 
(0.5162315465376919+0j) 0j 0j 0j 0j (0.3172134464179399+0j) 0j 0j 0j 0j (0.10314701730365476+0j) 0j 0j 0j 0j (0.06340798974071352+0j) 
(0.5162881200833763+0j) 0j 0j 0j 0j (0.31692811381281605+0j) 0j 0j 0j 0j (0.10332442196613154+0j) 0j 0j 0j 0j (0.06345934413767615+0j) 
(0.5163445091587697+0j) 0j 0j 0j 0j (0.3166435076979458+0j) 0j 0j 0j 0j (0.1035015570104167+0j) 0j 0j 0j 0j (0.06351042613286782+0j) 
(0.5164007137638722+0j) 0j 0j 0j 0j (0.3163596280733292+0j) 0j 0j 0j 0j (0.10367842243651032+0j) 0j 0j 0j 0j (0.06356123572628851+0j) 
(0.5164567338986835+0j) 0j 0j 0j 0j (0.31607647493896607+0j) 0j 0j 0j 0j (0.10385501824441229+0j) 0j 0j 0j 0j (0.0636117729179382+0j) 
(0.5165125695632039+0j) 0j 0j 0j 0j (0.3157940482948566+0j) 0j 0j 0j 0j (0.1040313444341227+0j) 0j 0j 0j 0j (0.06366203770781692+0j) 
(0.5165682207574331+0j) 0j 0j 0j 0j (0.3155123481410007+0j) 0j 0j 0j 0j (0.1042074010056415+0j) 0j 0j 0j 0j (0.06371203009592466+0j) 
(0.5166236876474765+0j) 0j 0j 0j 0j (0.3152313739381853+0j) 0j 0j 0j 0j (0.10438318797348603+0j) 0j 0j 0j 0j (0.06376175044085225+0j) 
(0.5166789722284959+0j) 0j 0j 0j 0j (0.3149511192096772+0j) 0j 0j 0j 0j (0.10455870551203038+0j) 0j 0j 0j 0j (0.06381120304979652+0j) 
(0.5167340755874893+0j) 0j 0j 0j 0j (0.31467158042684396+0j) 0j 0j 0j 0j (0.10473395371627642+0j) 0j 0j 0j 0j (0.06386039026939039+0j) 
(0.5167889983649652+0j) 0j 0j 0j 0j (0.31439275551045426+0j) 0j 0j 0j 0j (0.10490893264220363+0j) 0j 0j 0j 0j (0.06390931348237697+0j) 
(0.5168437412014322+0j) 0j 0j 0j 0j (0.314114642381277+0j) 0j 0j 0j 0j (0.10508364234579148+0j) 0j 0j 0j 0j (0.06395797407149935+0j) 
(0.5168983047373991+0j) 0j 0j 0j 0j (0.3138372389600809+0j) 0j 0j 0j 0j (0.10525808288301942+0j) 0j 0j 0j 0j (0.06400637341950065+0j) 
(0.5169526896133744+0j) 0j 0j 0j 0j (0.3135605431676348+0j) 0j 0j 0j 0j (0.1054322543098669+0j) 0j 0j 0j 0j (0.06405451290912395+0j) 
(0.5170068964698666+0j) 0j 0j 0j 0j (0.3132845529247076+0j) 0j 0j 0j 0j (0.10560615668231339+0j) 0j 0j 0j 0j (0.06410239392311237+0j) 
(0.5170609259473847+0j) 0j 0j 0j 0j (0.3130092661520679+0j) 0j 0j 0j 0j (0.10577979005633834+0j) 0j 0j 0j 0j (0.06415001784420901+0j) 
(0.5171147786864372+0j) 0j 0j 0j 0j (0.31273468077048466+0j) 0j 0j 0j 0j (0.10595315448792121+0j) 0j 0j 0j 0j (0.06419738605515697+0j) 
(0.5171684553275325+0j) 0j 0j 0j 0j (0.3124607947007267+0j) 0j 0j 0j 0j (0.10612625003304146+0j) 0j 0j 0j 0j (0.06424449993869935+0j) 
(0.5172219565012623+0j) 0j 0j 0j 0j (0.3121876058921891+0j) 0j 0j 0j 0j (0.10629907675744558+0j) 0j 0j 0j 0j (0.06429136084910315+0j) 
(0.5172752827375737+0j) 0j 0j 0j 0j (0.3119151125847788+0j) 0j 0j 0j 0j (0.10647163482599982+0j) 0j 0j 0j 0j (0.06433796985164787+0j) 
(0.5173284346265681+0j) 0j 0j 0j 0j (0.31164331284476593+0j) 0j 0j 0j 0j (0.10664392434432723+0j) 0j 0j 0j 0j (0.06438432818433874+0j) 
(0.5173814127838889+0j) 0j 0j 0j 0j (0.3113722046646938+0j) 0j 0j 0j 0j (0.10681594539289607+0j) 0j 0j 0j 0j (0.0644304371585211+0j) 
(0.5174342178251797+0j) 0j 0j 0j 0j (0.31110178603710564+0j) 0j 0j 0j 0j (0.10698769805217452+0j) 0j 0j 0j 0j (0.06447629808554026+0j) 
(0.5174868503660833+0j) 0j 0j 0j 0j (0.3108320549545445+0j) 0j 0j 0j 0j (0.10715918240263067+0j) 0j 0j 0j 0j (0.06452191227674145+0j) 
(0.5175393110222434+0j) 0j 0j 0j 0j (0.3105630094095539+0j) 0j 0j 0j 0j (0.10733039852473283+0j) 0j 0j 0j 0j (0.06456728104347004+0j) 
(0.5175916004093029+0j) 0j 0j 0j 0j (0.31029464739467677+0j) 0j 0j 0j 0j (0.10750134649894907+0j) 0j 0j 0j 0j (0.06461240569707126+0j) 
(0.5176437191429054+0j) 0j 0j 0j 0j (0.31002696690245657+0j) 0j 0j 0j 0j (0.10767202640574769+0j) 0j 0j 0j 0j (0.06465728754889048+0j) 
(0.517695667838694+0j) 0j 0j 0j 0j (0.3097599659254363+0j) 0j 0j 0j 0j (0.10784243832559676+0j) 0j 0j 0j 0j (0.06470192791027293+0j) 
(0.5177474471123121+0j) 0j 0j 0j 0j (0.30949364245615935+0j) 0j 0j 0j 0j (0.10801258233896455+0j) 0j 0j 0j 0j (0.06474632809256395+0j) 
(0.5177990575664685+0j) 0j 0j 0j 0j (0.3092279945246462+0j) 0j 0j 0j 0j (0.10818245853822983+0j) 0j 0j 0j 0j (0.06479048937065561+0j) 
(0.5178504996784332+0j) 0j 0j 0j 0j (0.3089630205243662+0j) 0j 0j 0j 0j (0.10835206713127837+0j) 0j 0j 0j 0j (0.06483441266592217+0j) 
(0.5179017740018552+0j) 0j 0j 0j 0j (0.30869871862748804+0j) 0j 0j 0j 0j (0.10852140825566489+0j) 0j 0j 0j 0j (0.06487809911499176+0j) 
(0.5179528811213789+0j) 0j 0j 0j 0j (0.3084350869163724+0j) 0j 0j 0j 0j (0.10869048202040227+0j) 0j 0j 0j 0j (0.06492154994184654+0j) 
(0.5180038216216485+0j) 0j 0j 0j 0j (0.3081721234733796+0j) 0j 0j 0j 0j (0.1088592885345033+0j) 0j 0j 0j 0j (0.06496476637046862+0j) 
(0.5180545960873084+0j) 0j 0j 0j 0j (0.30790982638087044+0j) 0j 0j 0j 0j (0.109027827906981+0j) 0j 0j 0j 0j (0.06500774962484022+0j) 
(0.518105205103003+0j) 0j 0j 0j 0j (0.3076481937212055+0j) 0j 0j 0j 0j (0.10919610024684816+0j) 0j 0j 0j 0j (0.06505050092894349+0j) 
(0.5181556492533766+0j) 0j 0j 0j 0j (0.30738722357674525+0j) 0j 0j 0j 0j (0.10936410566311769+0j) 0j 0j 0j 0j (0.06509302150676058+0j) 
(0.5182059291230735+0j) 0j 0j 0j 0j (0.3071269140298503+0j) 0j 0j 0j 0j (0.10953184426480246+0j) 0j 0j 0j 0j (0.06513531258227366+0j) 
(0.5182560452967383+0j) 0j 0j 0j 0j (0.30686726316288143+0j) 0j 0j 0j 0j (0.10969931616091545+0j) 0j 0j 0j 0j (0.06517737537946493+0j) 
(0.5183059983590151+0j) 0j 0j 0j 0j (0.306608269058199+0j) 0j 0j 0j 0j (0.10986652146046944+0j) 0j 0j 0j 0j (0.06521921112231652+0j) 
(0.5183557888945485+0j) 0j 0j 0j 0j (0.30634992979816367+0j) 0j 0j 0j 0j (0.11003346027247736+0j) 0j 0j 0j 0j (0.06526082103481058+0j) 
(0.5184054174879826+0j) 0j 0j 0j 0j (0.30609224346513597+0j) 0j 0j 0j 0j (0.11020013270595205+0j) 0j 0j 0j 0j (0.0653022063409293+0j) 
(0.5184548847239621+0j) 0j 0j 0j 0j (0.3058352081414767+0j) 0j 0j 0j 0j (0.11036653886990652+0j) 0j 0j 0j 0j (0.06534336826465487+0j) 
(0.518504191187131+0j) 0j 0j 0j 0j (0.30557882190954616+0j) 0j 0j 0j 0j (0.11053267887335354+0j) 0j 0j 0j 0j (0.06538430802996942+0j) 
(0.5185533374621338+0j) 0j 0j 0j 0j (0.3053230828517051+0j) 0j 0j 0j 0j (0.11069855282530602+0j) 0j 0j 0j 0j (0.0654250268608551+0j) 
(0.518602324133615+0j) 0j 0j 0j 0j (0.3050679890503141+0j) 0j 0j 0j 0j (0.11086416083477686+0j) 0j 0j 0j 0j (0.06546552598129413+0j) 
(0.5186511517862187+0j) 0j 0j 0j 0j (0.30481353858773375+0j) 0j 0j 0j 0j (0.11102950301077893+0j) 0j 0j 0j 0j (0.0655058066152686+0j) 
(0.5186998210045896+0j) 0j 0j 0j 0j (0.3045597295463246+0j) 0j 0j 0j 0j (0.1111945794623252+0j) 0j 0j 0j 0j (0.06554586998676076+0j) 
(0.5187483323733716+0j) 0j 0j 0j 0j (0.3043065600084472+0j) 0j 0j 0j 0j (0.11135939029842841+0j) 0j 0j 0j 0j (0.0655857173197527+0j) 
(0.5187966864235795+0j) 0j 0j 0j 0j (0.3040540282120195+0j) 0j 0j 0j 0j (0.1115239356766786+0j) 0j 0j 0j 0j (0.0656253496877225+0j) 
(0.5188448834476038+0j) 0j 0j 0j 0j (0.3038021330871003+0j) 0j 0j 0j 0j (0.11168821597080565+0j) 0j 0j 0j 0j (0.06566476749449032+0j) 
(0.5188929239550043+0j) 0j 0j 0j 0j (0.3035508729338377+0j) 0j 0j 0j 0j (0.11185223135783257+0j) 0j 0j 0j 0j (0.06570397175332547+0j) 
(0.5189408084936963+0j) 0j 0j 0j 0j (0.30330024594112726+0j) 0j 0j 0j 0j (0.1120159819800407+0j) 0j 0j 0j 0j (0.06574296358513572+0j) 
(0.518988537611595+0j) 0j 0j 0j 0j (0.30305025029786475+0j) 0j 0j 0j 0j (0.1121794679797115+0j) 0j 0j 0j 0j (0.06578174411082886+0j) 
(0.5190361118566155+0j) 0j 0j 0j 0j (0.3028008841929456+0j) 0j 0j 0j 0j (0.11234268949912625+0j) 0j 0j 0j 0j (0.06582031445131263+0j) 
(0.5190835317766732+0j) 0j 0j 0j 0j (0.3025521458152657+0j) 0j 0j 0j 0j (0.11250564668056645+0j) 0j 0j 0j 0j (0.06585867572749482+0j) 
(0.5191307979196831+0j) 0j 0j 0j 0j (0.30230403335372047+0j) 0j 0j 0j 0j (0.11266833966631337+0j) 0j 0j 0j 0j (0.06589682906028319+0j) 
(0.5191779108335605+0j) 0j 0j 0j 0j (0.30205654499720563+0j) 0j 0j 0j 0j (0.11283076859864845+0j) 0j 0j 0j 0j (0.06593477557058548+0j) 
(0.5192248710662206+0j) 0j 0j 0j 0j (0.3018096789346169+0j) 0j 0j 0j 0j (0.11299293361985306+0j) 0j 0j 0j 0j (0.06597251637930951+0j) 
(0.5192716791655787+0j) 0j 0j 0j 0j (0.3015634333548498+0j) 0j 0j 0j 0j (0.11315483487220857+0j) 0j 0j 0j 0j (0.06601005260736299+0j) 
(0.51931833567955+0j) 0j 0j 0j 0j (0.3013178064468+0j) 0j 0j 0j 0j (0.11331647249799635+0j) 0j 0j 0j 0j (0.06604738537565374+0j) 
(0.5193648411560495+0j) 0j 0j 0j 0j (0.30107279639936324+0j) 0j 0j 0j 0j (0.11347784663949782+0j) 0j 0j 0j 0j (0.0660845158050895+0j) 
(0.5194111961429927+0j) 0j 0j 0j 0j (0.300828401401435+0j) 0j 0j 0j 0j (0.11363895743899433+0j) 0j 0j 0j 0j (0.06612144501657805+0j) 
(0.5194574011882946+0j) 0j 0j 0j 0j (0.300584619641911+0j) 0j 0j 0j 0j (0.11379980503876726+0j) 0j 0j 0j 0j (0.06615817413102713+0j) 
(0.5195034568398705+0j) 0j 0j 0j 0j (0.3003414493096869+0j) 0j 0j 0j 0j (0.11396038958109798+0j) 0j 0j 0j 0j (0.06619470426934454+0j) 
(0.5195493636456356+0j) 0j 0j 0j 0j (0.30009888859365835+0j) 0j 0j 0j 0j (0.11412071120826792+0j) 0j 0j 0j 0j (0.06623103655243803+0j) 
(0.5195951221535053+0j) 0j 0j 0j 0j (0.299856935682721+0j) 0j 0j 0j 0j (0.11428077006255845+0j) 0j 0j 0j 0j (0.0662671721012154+0j) 
(0.5196407329113945+0j) 0j 0j 0j 0j (0.2996155887657704+0j) 0j 0j 0j 0j (0.11444056628625089+0j) 0j 0j 0j 0j (0.06630311203658437+0j) 
(0.5196861964672184+0j) 0j 0j 0j 0j (0.29937484603170217+0j) 0j 0j 0j 0j (0.11460010002162664+0j) 0j 0j 0j 0j (0.06633885747945273+0j) 
(0.5197315133053012+0j) 0j 0j 0j 0j (0.29913470585482516+0j) 0j 0j 0j 0j (0.11475937146318364+0j) 0j 0j 0j 0j (0.06637440937669006+0j) 
(0.5197766837637725+0j) 0j 0j 0j 0j (0.29889516703570607+0j) 0j 0j 0j 0j (0.11491838092546355+0j) 0j 0j 0j 0j (0.06640976827505798+0j) 
(0.5198217083370068+0j) 0j 0j 0j 0j (0.29865622791934887+0j) 0j 0j 0j 0j (0.11507712859471139+0j) 0j 0j 0j 0j (0.06644493514893302+0j) 
(0.5198665875296138+0j) 0j 0j 0j 0j (0.2984178868209153+0j) 0j 0j 0j 0j (0.11523561464876789+0j) 0j 0j 0j 0j (0.06647991100070309+0j) 
(0.519911321844238+0j) 0j 0j 0j 0j (0.2981801420612965+0j) 0j 0j 0j 0j (0.11539383926708735+0j) 0j 0j 0j 0j (0.06651469682737815+0j) 
(0.5199559117815591+0j) 0j 0j 0j 0j (0.2979429919671133+0j) 0j 0j 0j 0j (0.11555180263073767+0j) 0j 0j 0j 0j (0.06654929362059+0j) 
(0.5200003578402912+0j) 0j 0j 0j 0j (0.2977064348707162+0j) 0j 0j 0j 0j (0.1157095049224003+0j) 0j 0j 0j 0j (0.06658370236659245+0j) 
(0.5200446605171837+0j) 0j 0j 0j 0j (0.29747046911018493+0j) 0j 0j 0j 0j (0.11586694632637028+0j) 0j 0j 0j 0j (0.06661792404626117+0j) 
(0.5200888203070209+0j) 0j 0j 0j 0j (0.29723509302932916+0j) 0j 0j 0j 0j (0.1160241270285562+0j) 0j 0j 0j 0j (0.06665195963509385+0j) 
(0.520132837702622+0j) 0j 0j 0j 0j (0.29700030497768776+0j) 0j 0j 0j 0j (0.11618104721648026+0j) 0j 0j 0j 0j (0.06668581010321006+0j) 
(0.5201767131948409+0j) 0j 0j 0j 0j (0.2967661033105295+0j) 0j 0j 0j 0j (0.11633770707927815+0j) 0j 0j 0j 0j (0.06671947641535131+0j) 
(0.5202204472725671+0j) 0j 0j 0j 0j (0.29653248638885255+0j) 0j 0j 0j 0j (0.11649410680769931+0j) 0j 0j 0j 0j (0.0667529595308811+0j) 
(0.5202640404227241+0j) 0j 0j 0j 0j (0.2962994525793846+0j) 0j 0j 0j 0j (0.11665024659410655+0j) 0j 0j 0j 0j (0.0667862604037848+0j) 
(0.520307493130271+0j) 0j 0j 0j 0j (0.296067000254583+0j) 0j 0j 0j 0j (0.11680612663247637+0j) 0j 0j 0j 0j (0.06681937998266974+0j) 
(0.5203508058782015+0j) 0j 0j 0j 0j (0.2958351277926346+0j) 0j 0j 0j 0j (0.11696174711839882+0j) 0j 0j 0j 0j (0.06685231921076519+0j) 
(0.5203939791475444+0j) 0j 0j 0j 0j (0.2956038335774558+0j) 0j 0j 0j 0j (0.11711710824907753+0j) 0j 0j 0j 0j (0.06688507902592238+0j) 
(0.5204370134173633+0j) 0j 0j 0j 0j (0.2953731159986927+0j) 0j 0j 0j 0j (0.11727221022332968+0j) 0j 0j 0j 0j (0.06691766036061442+0j) 
(0.5204799091647568+0j) 0j 0j 0j 0j (0.2951429734517208+0j) 0j 0j 0j 0j (0.11742705324158605+0j) 0j 0j 0j 0j (0.06695006414193642+0j) 
(0.5205226668648585+0j) 0j 0j 0j 0j (0.29491340433764524+0j) 0j 0j 0j 0j (0.11758163750589097+0j) 0j 0j 0j 0j (0.06698229129160539+0j) 
(0.5205652869908367+0j) 0j 0j 0j 0j (0.2946844070633007+0j) 0j 0j 0j 0j (0.11773596321990239+0j) 0j 0j 0j 0j (0.06701434272596028+0j) 
(0.5206077700138949+0j) 0j 0j 0j 0j (0.29445598004125145+0j) 0j 0j 0j 0j (0.11789003058889176+0j) 0j 0j 0j 0j (0.06704621935596199+0j) 
(0.5206501164032713+0j) 0j 0j 0j 0j (0.2942281216897913+0j) 0j 0j 0j 0j (0.11804383981974417+0j) 0j 0j 0j 0j (0.06707792208719335+0j) 
(0.5206923266262391+0j) 0j 0j 0j 0j (0.2940008304329436+0j) 0j 0j 0j 0j (0.11819739112095826+0j) 0j 0j 0j 0j (0.0671094518198591+0j) 
(0.5207344011481064+0j) 0j 0j 0j 0j (0.2937741047004614+0j) 0j 0j 0j 0j (0.11835068470264624+0j) 0j 0j 0j 0j (0.06714080944878598+0j) 
(0.5207763404322165+0j) 0j 0j 0j 0j (0.2935479429278271+0j) 0j 0j 0j 0j (0.1185037207765339+0j) 0j 0j 0j 0j (0.06717199586342258+0j) 
(0.5208181449399472+0j) 0j 0j 0j 0j (0.2933223435562528+0j) 0j 0j 0j 0j (0.11865649955596058+0j) 0j 0j 0j 0j (0.06720301194783954+0j) 
(0.5208598151307113+0j) 0j 0j 0j 0j (0.29309730503268017+0j) 0j 0j 0j 0j (0.11880902125587925+0j) 0j 0j 0j 0j (0.0672338585807293+0j) 
(0.5209013514619569+0j) 0j 0j 0j 0j (0.29287282580978036+0j) 0j 0j 0j 0j (0.1189612860928564+0j) 0j 0j 0j 0j (0.06726453663540638+0j) 
(0.5209427543891666+0j) 0j 0j 0j 0j (0.29264890434595414+0j) 0j 0j 0j 0j (0.11911329428507209+0j) 0j 0j 0j 0j (0.0672950469798071+0j) 
(0.5209840243667545+0j) 0j 0j 0j 0j (0.2924255391028581+0j) 0j 0j 0j 0j (0.1192650460508762+0j) 0j 0j 0j 0j (0.0673253904795112+0j) 
(0.5210251618781433+0j) 0j 0j 0j 0j (0.2922027284623914+0j) 0j 0j 0j 0j (0.11941654156033682+0j) 0j 0j 0j 0j (0.06735556809912864+0j) 
(0.5210661673925953+0j) 0j 0j 0j 0j (0.2919804708458406+0j) 0j 0j 0j 0j (0.11956778100478031+0j) 0j 0j 0j 0j (0.0673855807567838+0j) 
(0.5211070413630723+0j) 0j 0j 0j 0j (0.2917587647197893+0j) 0j 0j 0j 0j (0.11971876460024061+0j) 0j 0j 0j 0j (0.06741542931689788+0j) 
(0.5211477842407614+0j) 0j 0j 0j 0j (0.2915376085560238+0j) 0j 0j 0j 0j (0.11986949256405774+0j) 0j 0j 0j 0j (0.06744511463915732+0j) 
(0.5211883964750754+0j) 0j 0j 0j 0j (0.2913170008315331+0j) 0j 0j 0j 0j (0.12001996511487774+0j) 0j 0j 0j 0j (0.06747463757851377+0j) 
(0.5212288785136534+0j) 0j 0j 0j 0j (0.2910969400285094+0j) 0j 0j 0j 0j (0.12017018247265296+0j) 0j 0j 0j 0j (0.06750399898518426+0j) 
(0.5212692308023599+0j) 0j 0j 0j 0j (0.29087742463434735+0j) 0j 0j 0j 0j (0.12032014485864177+0j) 0j 0j 0j 0j (0.067533199704651+0j) 
(0.521309453785285+0j) 0j 0j 0j 0j (0.2906584531416447+0j) 0j 0j 0j 0j (0.1204698524954087+0j) 0j 0j 0j 0j (0.06756224057766155+0j) 
(0.5213495479047452+0j) 0j 0j 0j 0j (0.29044002404820174+0j) 0j 0j 0j 0j (0.12061930560682443+0j) 0j 0j 0j 0j (0.06759112244022866+0j) 
(0.521389513601282+0j) 0j 0j 0j 0j (0.2902221358570217+0j) 0j 0j 0j 0j (0.12076850441806578+0j) 0j 0j 0j 0j (0.06761984612363042+0j) 
(0.5214293513136634+0j) 0j 0j 0j 0j (0.29000478707631083+0j) 0j 0j 0j 0j (0.12091744915561564+0j) 0j 0j 0j 0j (0.06764841245441015+0j) 
(0.5214690614788826+0j) 0j 0j 0j 0j (0.2897879762194778+0j) 0j 0j 0j 0j (0.12106614004726313+0j) 0j 0j 0j 0j (0.06767682225437646+0j) 
(0.521508644532159+0j) 0j 0j 0j 0j (0.2895717018051344+0j) 0j 0j 0j 0j (0.1212145773221034+0j) 0j 0j 0j 0j (0.06770507634060323+0j) 
(0.5215481009069374+0j) 0j 0j 0j 0j (0.2893559623570952+0j) 0j 0j 0j 0j (0.12136276121053784+0j) 0j 0j 0j 0j (0.0677331755254296+0j) 
(0.5215874310348887+0j) 0j 0j 0j 0j (0.2891407564043774+0j) 0j 0j 0j 0j (0.12151069194427389+0j) 0j 0j 0j 0j (0.06776112061645997+0j) 
(0.5216266353459095+0j) 0j 0j 0j 0j (0.2889260824812013+0j) 0j 0j 0j 0j (0.12165836975632517+0j) 0j 0j 0j 0j (0.06778891241656408+0j) 
(0.521665714268122+0j) 0j 0j 0j 0j (0.2887119391269897+0j) 0j 0j 0j 0j (0.12180579488101141+0j) 0j 0j 0j 0j (0.06781655172387685+0j) 
(0.5217046682278744+0j) 0j 0j 0j 0j (0.28849832488636856+0j) 0j 0j 0j 0j (0.12195296755395849+0j) 0j 0j 0j 0j (0.06784403933179853+0j) 
(0.5217434976497406+0j) 0j 0j 0j 0j (0.28828523830916636+0j) 0j 0j 0j 0j (0.12209988801209841+0j) 0j 0j 0j 0j (0.06787137602899464+0j) 
(0.5217822029565201+0j) 0j 0j 0j 0j (0.28807267795041464+0j) 0j 0j 0j 0j (0.12224655649366932+0j) 0j 0j 0j 0j (0.06789856259939592+0j) 
(0.5218207845692385+0j) 0j 0j 0j 0j (0.28786064237034753+0j) 0j 0j 0j 0j (0.12239297323821549+0j) 0j 0j 0j 0j (0.06792559982219844+0j) 
(0.5218592429071471+0j) 0j 0j 0j 0j (0.28764913013440213+0j) 0j 0j 0j 0j (0.12253913848658736+0j) 0j 0j 0j 0j (0.06795248847186354+0j) 
(0.5218975783877227+0j) 0j 0j 0j 0j (0.28743813981321836+0j) 0j 0j 0j 0j (0.12268505248094141+0j) 0j 0j 0j 0j (0.06797922931811777+0j) 
(0.5219357914266679+0j) 0j 0j 0j 0j (0.28722766998263877+0j) 0j 0j 0j 0j (0.12283071546474032+0j) 0j 0j 0j 0j (0.06800582312595299+0j) 
(0.5219738824379117+0j) 0j 0j 0j 0j (0.287017719223709+0j) 0j 0j 0j 0j (0.12297612768275296+0j) 0j 0j 0j 0j (0.06803227065562636+0j) 
(0.5220118518336081+0j) 0j 0j 0j 0j (0.2868082861226774+0j) 0j 0j 0j 0j (0.12312128938105422+0j) 0j 0j 0j 0j (0.0680585726626603+0j) 
(0.5220497000241372+0j) 0j 0j 0j 0j (0.2865993692709951+0j) 0j 0j 0j 0j (0.12326620080702522+0j) 0j 0j 0j 0j (0.06808472989784245+0j) 
(0.5220874274181051+0j) 0j 0j 0j 0j (0.286390967265316+0j) 0j 0j 0j 0j (0.12341086220935314+0j) 0j 0j 0j 0j (0.06811074310722579+0j) 
(0.5221250344223433+0j) 0j 0j 0j 0j (0.28618307870749693+0j) 0j 0j 0j 0j (0.12355527383803135+0j) 0j 0j 0j 0j (0.0681366130321285+0j) 
(0.5221625214541494+0j) 0j 0j 0j 0j (0.2859757021707616+0j) 0j 0j 0j 0j (0.12369943592592682+0j) 0j 0j 0j 0j (0.06816234044916226+0j) 
(0.5221998889544531+0j) 0j 0j 0j 0j (0.28576883616330606+0j) 0j 0j 0j 0j (0.12384334866895397+0j) 0j 0j 0j 0j (0.068187926213287+0j) 
(0.5222371373320273+0j) 0j 0j 0j 0j (0.2855624792825154+0j) 0j 0j 0j 0j (0.12398701231008562+0j) 0j 0j 0j 0j (0.06821337107537181+0j) 
(0.5222742669919082+0j) 0j 0j 0j 0j (0.28535663013640317+0j) 0j 0j 0j 0j (0.12413042709655646+0j) 0j 0j 0j 0j (0.06823867577513237+0j) 
(0.5223112783375248+0j) 0j 0j 0j 0j (0.2851512873377233+0j) 0j 0j 0j 0j (0.12427359327665545+0j) 0j 0j 0j 0j (0.06826384104809659+0j) 
(0.5223481717706991+0j) 0j 0j 0j 0j (0.28494644950397047+0j) 0j 0j 0j 0j (0.12441651109972579+0j) 0j 0j 0j 0j (0.06828886762560459+0j) 
(0.5223849476916467+0j) 0j 0j 0j 0j (0.28474211525737964+0j) 0j 0j 0j 0j (0.12455918081616504+0j) 0j 0j 0j 0j (0.06831375623480876+0j) 
(0.5224216064989753+0j) 0j 0j 0j 0j (0.2845382832249261+0j) 0j 0j 0j 0j (0.12470160267742487+0j) 0j 0j 0j 0j (0.06833850759867365+0j) 
(0.5224581485896866+0j) 0j 0j 0j 0j (0.284334952038326+0j) 0j 0j 0j 0j (0.1248437769360114+0j) 0j 0j 0j 0j (0.06836312243597611+0j) 
(0.5224945743591745+0j) 0j 0j 0j 0j (0.28413212033403557+0j) 0j 0j 0j 0j (0.12498570384548484+0j) 0j 0j 0j 0j (0.06838760146130518+0j) 
(0.5225308842012264+0j) 0j 0j 0j 0j (0.2839297867532518+0j) 0j 0j 0j 0j (0.12512738366045978+0j) 0j 0j 0j 0j (0.06841194538506212+0j) 
(0.5225670785080225+0j) 0j 0j 0j 0j (0.283727949941912+0j) 0j 0j 0j 0j (0.12526881663660505+0j) 0j 0j 0j 0j (0.06843615491346045+0j) 
(0.5226031576701363+0j) 0j 0j 0j 0j (0.283526608550694+0j) 0j 0j 0j 0j (0.12541000303064373+0j) 0j 0j 0j 0j (0.06846023074852586+0j) 
(0.5226391220765343+0j) 0j 0j 0j 0j (0.28332576123501624+0j) 0j 0j 0j 0j (0.12555094310035322+0j) 0j 0j 0j 0j (0.06848417358809636+0j) 
(0.5226749721145756+0j) 0j 0j 0j 0j (0.2831254066550372+0j) 0j 0j 0j 0j (0.12569163710456507+0j) 0j 0j 0j 0j (0.06850798412582207+0j) 
(0.522710708170013+0j) 0j 0j 0j 0j (0.28292554347565646+0j) 0j 0j 0j 0j (0.12583208530316528+0j) 0j 0j 0j 0j (0.06853166305116547+0j) 
(0.5227463306269916+0j) 0j 0j 0j 0j (0.2827261703665135+0j) 0j 0j 0j 0j (0.12597228795709395+0j) 0j 0j 0j 0j (0.06855521104940114+0j) 
(0.52278183986805+0j) 0j 0j 0j 0j (0.2825272860019886+0j) 0j 0j 0j 0j (0.1261122453283455+0j) 0j 0j 0j 0j (0.06857862880161596+0j) 
(0.5228172362741199+0j) 0j 0j 0j 0j (0.28232888906120246+0j) 0j 0j 0j 0j (0.12625195767996863+0j) 0j 0j 0j 0j (0.06860191698470904+0j) 
(0.5228525202245259+0j) 0j 0j 0j 0j (0.28213097822801625+0j) 0j 0j 0j 0j (0.12639142527606634+0j) 0j 0j 0j 0j (0.0686250762713917+0j) 
(0.5228876920969853+0j) 0j 0j 0j 0j (0.28193355219103144+0j) 0j 0j 0j 0j (0.1265306483817958+0j) 0j 0j 0j 0j (0.06864810733018745+0j) 
(0.5229227522676089+0j) 0j 0j 0j 0j (0.2817366096435903+0j) 0j 0j 0j 0j (0.12666962726336858+0j) 0j 0j 0j 0j (0.06867101082543212+0j) 
(0.5229577011109006+0j) 0j 0j 0j 0j (0.2815401492837754+0j) 0j 0j 0j 0j (0.12680836218805042+0j) 0j 0j 0j 0j (0.0686937874172737+0j) 
(0.5229925389997567+0j) 0j 0j 0j 0j (0.2813441698144097+0j) 0j 0j 0j 0j (0.12694685342416132+0j) 0j 0j 0j 0j (0.0687164377616724+0j) 
(0.523027266305467+0j) 0j 0j 0j 0j (0.28114866994305665+0j) 0j 0j 0j 0j (0.12708510124107558+0j) 0j 0j 0j 0j (0.06873896251040067+0j) 
(0.5230618833977145+0j) 0j 0j 0j 0j (0.28095364838202047+0j) 0j 0j 0j 0j (0.12722310590922184+0j) 0j 0j 0j 0j (0.06876136231104324+0j) 
(0.5230963906445748+0j) 0j 0j 0j 0j (0.28075910384834535+0j) 0j 0j 0j 0j (0.1273608677000828+0j) 0j 0j 0j 0j (0.06878363780699698+0j) 
(0.5231307884125167+0j) 0j 0j 0j 0j (0.2805650350638164+0j) 0j 0j 0j 0j (0.12749838688619572+0j) 0j 0j 0j 0j (0.06880578963747107+0j) 
(0.5231650770664023+0j) 0j 0j 0j 0j (0.2803714407549591+0j) 0j 0j 0j 0j (0.12763566374115187+0j) 0j 0j 0j 0j (0.06882781843748687+0j) 
(0.5231992569707157+0j) 0j 0j 0j 0j (0.2801783196496394+0j) 0j 0j 0j 0j (0.12777269853768908+0j) 0j 0j 0j 0j (0.06884972484195598+0j) 
(0.5232333285262544+0j) 0j 0j 0j 0j (0.27998567037561733+0j) 0j 0j 0j 0j (0.12790949149076355+0j) 0j 0j 0j 0j (0.06887150960736473+0j) 
(0.5232672921161309+0j) 0j 0j 0j 0j (0.2797934916098485+0j) 0j 0j 0j 0j (0.1280460428413323+0j) 0j 0j 0j 0j (0.06889317343268847+0j) 
(0.5233011481048443+0j) 0j 0j 0j 0j (0.2796017820810496+0j) 0j 0j 0j 0j (0.12818235285779275+0j) 0j 0j 0j 0j (0.06891471695631332+0j) 
(0.5233348968554816+0j) 0j 0j 0j 0j (0.2794105405221408+0j) 0j 0j 0j 0j (0.12831842180929526+0j) 0j 0j 0j 0j (0.06893614081308244+0j) 
(0.5233685387297167+0j) 0j 0j 0j 0j (0.279219765670245+0j) 0j 0j 0j 0j (0.1284542499657426+0j) 0j 0j 0j 0j (0.06895744563429576+0j) 
(0.5234020740878114+0j) 0j 0j 0j 0j (0.2790294562666882+0j) 0j 0j 0j 0j (0.12858983759779039+0j) 0j 0j 0j 0j (0.06897863204771026+0j) 
(0.5234355032886142+0j) 0j 0j 0j 0j (0.2788396110569992+0j) 0j 0j 0j 0j (0.12872518497684676+0j) 0j 0j 0j 0j (0.06899970067753977+0j) 
(0.5234688266895622+0j) 0j 0j 0j 0j (0.2786502287909102+0j) 0j 0j 0j 0j (0.12886029237507265+0j) 0j 0j 0j 0j (0.06902065214445509+0j) 
(0.5235020446466786+0j) 0j 0j 0j 0j (0.27846130822235604+0j) 0j 0j 0j 0j (0.12899516006538148+0j) 0j 0j 0j 0j (0.06904148706558388+0j) 
(0.5235351575145749+0j) 0j 0j 0j 0j (0.2782728481094747+0j) 0j 0j 0j 0j (0.12912978832143948+0j) 0j 0j 0j 0j (0.0690622060545108+0j) 
(0.5235681656464499+0j) 0j 0j 0j 0j (0.2780848472146072+0j) 0j 0j 0j 0j (0.12926417741766547+0j) 0j 0j 0j 0j (0.06908280972127741+0j) 
(0.5236010693940895+0j) 0j 0j 0j 0j (0.27789730430429743+0j) 0j 0j 0j 0j (0.12939832762923092+0j) 0j 0j 0j 0j (0.06910329867238214+0j) 
(0.5236338691078671+0j) 0j 0j 0j 0j (0.2777102181492924+0j) 0j 0j 0j 0j (0.12953223923206+0j) 0j 0j 0j 0j (0.06912367351078041+0j) 
(0.5236665651367439+0j) 0j 0j 0j 0j (0.27752358752454215+0j) 0j 0j 0j 0j (0.12966591250282952+0j) 0j 0j 0j 0j (0.06914393483588456+0j) 
(0.523699157828268+0j) 0j 0j 0j 0j (0.2773374112091994+0j) 0j 0j 0j 0j (0.12979934771896887+0j) 0j 0j 0j 0j (0.0691640832435638+0j) 
(0.5237316475285753+0j) 0j 0j 0j 0j (0.27715168798662027+0j) 0j 0j 0j 0j (0.12993254515866015+0j) 0j 0j 0j 0j (0.06918411932614428+0j) 
(0.5237640345823888+0j) 0j 0j 0j 0j (0.2769664166443638+0j) 0j 0j 0j 0j (0.13006550510083825+0j) 0j 0j 0j 0j (0.06920404367240914+0j) 
(0.5237963193330194+0j) 0j 0j 0j 0j (0.27678159597419183+0j) 0j 0j 0j 0j (0.13019822782519053+0j) 0j 0j 0j 0j (0.06922385686759837+0j) 
(0.5238285021223648+0j) 0j 0j 0j 0j (0.27659722477206933+0j) 0j 0j 0j 0j (0.130330713612157+0j) 0j 0j 0j 0j (0.06924355949340888+0j) 
(0.5238605832909106+0j) 0j 0j 0j 0j (0.27641330183816426+0j) 0j 0j 0j 0j (0.13046296274293054+0j) 0j 0j 0j 0j (0.06926315212799458+0j) 
(0.5238925631777297+0j) 0j 0j 0j 0j (0.27622982597684775+0j) 0j 0j 0j 0j (0.13059497549945648+0j) 0j 0j 0j 0j (0.06928263534596625+0j) 
(0.5239244421204822+0j) 0j 0j 0j 0j (0.2760467959966935+0j) 0j 0j 0j 0j (0.13072675216443289+0j) 0j 0j 0j 0j (0.06930200971839157+0j) 
(0.5239562204554159+0j) 0j 0j 0j 0j (0.2758642107104786+0j) 0j 0j 0j 0j (0.13085829302131044+0j) 0j 0j 0j 0j (0.06932127581279517+0j) 
(0.5239878985173659+0j) 0j 0j 0j 0j (0.27568206893518304+0j) 0j 0j 0j 0j (0.13098959835429255+0j) 0j 0j 0j 0j (0.06934043419315862+0j) 
(0.5240194766397547+0j) 0j 0j 0j 0j (0.27550036949198964+0j) 0j 0j 0j 0j (0.13112066844833523+0j) 0j 0j 0j 0j (0.06935948541992039+0j) 
(0.5240509551545924+0j) 0j 0j 0j 0j (0.2753191112062845+0j) 0j 0j 0j 0j (0.13125150358914717+0j) 0j 0j 0j 0j (0.06937843004997589+0j) 
(0.5240823343924762+0j) 0j 0j 0j 0j (0.27513829290765657+0j) 0j 0j 0j 0j (0.13138210406318973+0j) 0j 0j 0j 0j (0.06939726863667746+0j) 
(0.5241136146825911+0j) 0j 0j 0j 0j (0.2749579134298978+0j) 0j 0j 0j 0j (0.13151247015767692+0j) 0j 0j 0j 0j (0.06941600172983434+0j) 
(0.524144796352709+0j) 0j 0j 0j 0j (0.274777971611003+0j) 0j 0j 0j 0j (0.13164260216057533+0j) 0j 0j 0j 0j (0.06943462987571267+0j) 
(0.5241758797400277+0j) 0j 0j 0j 0j (0.2745984662631419+0j) 0j 0j 0j 0j (0.13177250034639462+0j) 0j 0j 0j 0j (0.06945315365043597+0j) 
(0.5242068652015274+0j) 0j 0j 0j 0j (0.27441939614395916+0j) 0j 0j 0j 0j (0.1319021649626064+0j) 0j 0j 0j 0j (0.06947157369190698+0j) 
(0.5242377530668151+0j) 0j 0j 0j 0j (0.27424076008723497+0j) 0j 0j 0j 0j (0.13203159629147415+0j) 0j 0j 0j 0j (0.06948989055447588+0j) 
(0.5242685436625493+0j) 0j 0j 0j 0j (0.27406255693520604+0j) 0j 0j 0j 0j (0.13216079461802682+0j) 0j 0j 0j 0j (0.06950810478421802+0j) 
(0.5242992373141189+0j) 0j 0j 0j 0j (0.273884785533916+0j) 0j 0j 0j 0j (0.13228976022785852+0j) 0j 0j 0j 0j (0.06952621692410675+0j) 
(0.5243298343456436+0j) 0j 0j 0j 0j (0.27370744473321473+0j) 0j 0j 0j 0j (0.13241849340712836+0j) 0j 0j 0j 0j (0.06954422751401318+0j) 
(0.5243603350799739+0j) 0j 0j 0j 0j (0.27353053338675914+0j) 0j 0j 0j 0j (0.13254699444256063+0j) 0j 0j 0j 0j (0.06956213709070638+0j) 
(0.52439073983869+0j) 0j 0j 0j 0j (0.27335405035201216+0j) 0j 0j 0j 0j (0.1326752636214445+0j) 0j 0j 0j 0j (0.06957994618785321+0j) 
(0.5244210489421034+0j) 0j 0j 0j 0j (0.27317799449024377+0j) 0j 0j 0j 0j (0.13280330123163445+0j) 0j 0j 0j 0j (0.06959765533601847+0j) 
(0.5244512627092554+0j) 0j 0j 0j 0j (0.27300236466653016+0j) 0j 0j 0j 0j (0.13293110756154972+0j) 0j 0j 0j 0j (0.06961526506266476+0j) 
(0.5244813814579182+0j) 0j 0j 0j 0j (0.27282715974975436+0j) 0j 0j 0j 0j (0.13305868290017492+0j) 0j 0j 0j 0j (0.06963277589215261+0j) 
(0.5245114055045945+0j) 0j 0j 0j 0j (0.2726523786126057+0j) 0j 0j 0j 0j (0.1331860275370595+0j) 0j 0j 0j 0j (0.06965018834574038+0j) 
(0.5245413351645174+0j) 0j 0j 0j 0j (0.2724780201315804+0j) 0j 0j 0j 0j (0.13331314176231807+0j) 0j 0j 0j 0j (0.0696675029415843+0j) 
(0.5245711707516503+0j) 0j 0j 0j 0j (0.2723040831869809+0j) 0j 0j 0j 0j (0.13344002586663026+0j) 0j 0j 0j 0j (0.06968472019473848+0j) 
(0.5246009125786877+0j) 0j 0j 0j 0j (0.27213056666291663+0j) 0j 0j 0j 0j (0.13356668014124085+0j) 0j 0j 0j 0j (0.06970184061715493+0j) 
(0.5246305609570538+0j) 0j 0j 0j 0j (0.27195746944730315+0j) 0j 0j 0j 0j (0.13369310487795955+0j) 0j 0j 0j 0j (0.06971886471768345+0j) 
(0.5246601161969041+0j) 0j 0j 0j 0j (0.27178479043186293+0j) 0j 0j 0j 0j (0.13381930036916126+0j) 0j 0j 0j 0j (0.06973579300207179+0j) 
(0.524689578607124+0j) 0j 0j 0j 0j (0.2716125285121247+0j) 0j 0j 0j 0j (0.13394526690778583+0j) 0j 0j 0j 0j (0.06975262597296551+0j) 
(0.5247189484953295+0j) 0j 0j 0j 0j (0.2714406825874241+0j) 0j 0j 0j 0j (0.1340710047873383+0j) 0j 0j 0j 0j (0.06976936412990808+0j) 
(0.5247482261678674+0j) 0j 0j 0j 0j (0.27126925156090315+0j) 0j 0j 0j 0j (0.13419651430188867+0j) 0j 0j 0j 0j (0.06978600796934084+0j) 
(0.5247774119298146+0j) 0j 0j 0j 0j (0.27109823433951036+0j) 0j 0j 0j 0j (0.134321795746072+0j) 0j 0j 0j 0j (0.06980255798460291+0j) 
(0.524806506084979+0j) 0j 0j 0j 0j (0.270927629834001+0j) 0j 0j 0j 0j (0.1344468494150885+0j) 0j 0j 0j 0j (0.06981901466593143+0j) 
(0.5248355089358985+0j) 0j 0j 0j 0j (0.27075743695893684+0j) 0j 0j 0j 0j (0.13457167560470337+0j) 0j 0j 0j 0j (0.06983537850046129+0j) 
(0.5248644207838417+0j) 0j 0j 0j 0j (0.2705876546326862+0j) 0j 0j 0j 0j (0.13469627461124695+0j) 0j 0j 0j 0j (0.06985164997222529+0j) 
(0.5248932419288076+0j) 0j 0j 0j 0j (0.27041828177742394+0j) 0j 0j 0j 0j (0.13482064673161448+0j) 0j 0j 0j 0j (0.0698678295621541+0j) 
(0.5249219726695259+0j) 0j 0j 0j 0j (0.2702493173191315+0j) 0j 0j 0j 0j (0.13494479226326644+0j) 0j 0j 0j 0j (0.06988391774807624+0j) 
(0.5249506133034567+0j) 0j 0j 0j 0j (0.27008076018759697+0j) 0j 0j 0j 0j (0.1350687115042283+0j) 0j 0j 0j 0j (0.06989991500471812+0j) 
(0.5249791641267906+0j) 0j 0j 0j 0j (0.2699126093164149+0j) 0j 0j 0j 0j (0.1351924047530906+0j) 0j 0j 0j 0j (0.06991582180370402+0j) 
(0.5250076254344485+0j) 0j 0j 0j 0j (0.26974486364298655+0j) 0j 0j 0j 0j (0.1353158723090089+0j) 0j 0j 0j 0j (0.06993163861355607+0j) 
(0.5250359975211509+0j) 0j 0j 0j 0j (0.26957752210555+0j) 0j 0j 0j 0j (0.1354391144701764+0j) 0j 0j 0j 0j (0.06994736590312271+0j) 
(0.5250642807100115+0j) 0j 0j 0j 0j (0.26941058356372966+0j) 0j 0j 0j 0j (0.1355621314929556+0j) 0j 0j 0j 0j (0.06996300423330332+0j) 
(0.5250924753096583+0j) 0j 0j 0j 0j (0.2692440469176783+0j) 0j 0j 0j 0j (0.13568492365316315+0j) 0j 0j 0j 0j (0.06997855411950035+0j) 
(0.5251205816146451+0j) 0j 0j 0j 0j (0.26907791110693435+0j) 0j 0j 0j 0j (0.13580749124548216+0j) 0j 0j 0j 0j (0.06999401603293842+0j) 
(0.525148599918407+0j) 0j 0j 0j 0j (0.2689121750744238+0j) 0j 0j 0j 0j (0.1359298345649452+0j) 0j 0j 0j 0j (0.07000939044222408+0j) 
(0.5251765305132605+0j) 0j 0j 0j 0j (0.2687468377664596+0j) 0j 0j 0j 0j (0.13605195390693411+0j) 0j 0j 0j 0j (0.07002467781334587+0j) 
(0.5252043736904037+0j) 0j 0j 0j 0j (0.26858189813274197+0j) 0j 0j 0j 0j (0.1361738495671801+0j) 0j 0j 0j 0j (0.07003987860967428+0j) 
(0.525232129739916+0j) 0j 0j 0j 0j (0.26841735512635856+0j) 0j 0j 0j 0j (0.13629552184176377+0j) 0j 0j 0j 0j (0.07005499329196181+0j) 
(0.5252597989507579+0j) 0j 0j 0j 0j (0.2682532077037841+0j) 0j 0j 0j 0j (0.13641697102711514+0j) 0j 0j 0j 0j (0.07007002231834293+0j) 
(0.5252873816107719+0j) 0j 0j 0j 0j (0.26808945482488056+0j) 0j 0j 0j 0j (0.1365381974200135+0j) 0j 0j 0j 0j (0.07008496614433407+0j) 
(0.5253148780066816+0j) 0j 0j 0j 0j (0.26792609545289725+0j) 0j 0j 0j 0j (0.13665920131758758+0j) 0j 0j 0j 0j (0.07009982522283363+0j) 
(0.5253422884240919+0j) 0j 0j 0j 0j (0.26776312855447065+0j) 0j 0j 0j 0j (0.13677998301731542+0j) 0j 0j 0j 0j (0.07011460000412202+0j) 
(0.5253696131474894+0j) 0j 0j 0j 0j (0.2676005530996246+0j) 0j 0j 0j 0j (0.13690054281702455+0j) 0j 0j 0j 0j (0.07012929093586157+0j) 
(0.5253968524602417+0j) 0j 0j 0j 0j (0.2674383680617699+0j) 0j 0j 0j 0j (0.13702088101489168+0j) 0j 0j 0j 0j (0.07014389846309663+0j) 
(0.5254240066445983+0j) 0j 0j 0j 0j (0.267276572417705+0j) 0j 0j 0j 0j (0.13714099790944306+0j) 0j 0j 0j 0j (0.07015842302825351+0j) 
(0.5254510759816898+0j) 0j 0j 0j 0j (0.2671151651476154+0j) 0j 0j 0j 0j (0.13726089379955428+0j) 0j 0j 0j 0j (0.07017286507114051+0j) 
(0.5254780607515284+0j) 0j 0j 0j 0j (0.26695414523507366+0j) 0j 0j 0j 0j (0.13738056898445017+0j) 0j 0j 0j 0j (0.07018722502894788+0j) 
(0.5255049612330073+0j) 0j 0j 0j 0j (0.2667935116670398+0j) 0j 0j 0j 0j (0.13750002376370504+0j) 0j 0j 0j 0j (0.07020150333624783+0j) 
(0.5255317777039017+0j) 0j 0j 0j 0j (0.2666332634338611+0j) 0j 0j 0j 0j (0.13761925843724263+0j) 0j 0j 0j 0j (0.07021570042499463+0j) 
(0.5255585104408678+0j) 0j 0j 0j 0j (0.266473399529272+0j) 0j 0j 0j 0j (0.13773827330533583+0j) 0j 0j 0j 0j (0.0702298167245244+0j) 
(0.5255851597194434+0j) 0j 0j 0j 0j (0.26631391895039425+0j) 0j 0j 0j 0j (0.13785706866860714+0j) 0j 0j 0j 0j (0.07024385266155533+0j) 
(0.5256117258140476+0j) 0j 0j 0j 0j (0.26615482069773666+0j) 0j 0j 0j 0j (0.1379756448280283+0j) 0j 0j 0j 0j (0.07025780866018758+0j) 
(0.5256382089979809+0j) 0j 0j 0j 0j (0.26599610377519556+0j) 0j 0j 0j 0j (0.1380940020849204+0j) 0j 0j 0j 0j (0.07027168514190321+0j) 
(0.5256646095434254+0j) 0j 0j 0j 0j (0.26583776719005436+0j) 0j 0j 0j 0j (0.13821214074095395+0j) 0j 0j 0j 0j (0.07028548252556634+0j) 
(0.5256909277214443+0j) 0j 0j 0j 0j (0.26567980995298374+0j) 0j 0j 0j 0j (0.13833006109814883+0j) 0j 0j 0j 0j (0.07029920122742302+0j) 
(0.5257171638019827+0j) 0j 0j 0j 0j (0.2655222310780417+0j) 0j 0j 0j 0j (0.13844776345887436+0j) 0j 0j 0j 0j (0.0703128416611013+0j) 
(0.5257433180538666+0j) 0j 0j 0j 0j (0.2653650295826733+0j) 0j 0j 0j 0j (0.138565248125849+0j) 0j 0j 0j 0j (0.07032640423761116+0j) 
(0.5257693907448037+0j) 0j 0j 0j 0j (0.26520820448771093+0j) 0j 0j 0j 0j (0.13868251540214083+0j) 0j 0j 0j 0j (0.0703398893653446+0j) 
(0.5257953821413829+0j) 0j 0j 0j 0j (0.2650517548173744+0j) 0j 0j 0j 0j (0.13879956559116713+0j) 0j 0j 0j 0j (0.0703532974500756+0j) 
(0.5258212925090748+0j) 0j 0j 0j 0j (0.2648956795992706+0j) 0j 0j 0j 0j (0.13891639899669467+0j) 0j 0j 0j 0j (0.07036662889496006+0j) 
(0.5258471221207365+0j) 0j 0j 0j 0j (0.2647399778407407+0j) 0j 0j 0j 0j (0.1390330159137005+0j) 0j 0j 0j 0j (0.07037988412482218+0j) 
(0.5258728712637654+0j) 0j 0j 0j 0j (0.2645846485089695+0j) 0j 0j 0j 0j (0.1391494166206867+0j) 0j 0j 0j 0j (0.07039306360657849+0j) 
(0.5258985402047791+0j) 0j 0j 0j 0j (0.2644296906292021+0j) 0j 0j 0j 0j (0.13926560141762925+0j) 0j 0j 0j 0j (0.07040616774838959+0j) 
(0.5259241292082171+0j) 0j 0j 0j 0j (0.2642751032330192+0j) 0j 0j 0j 0j (0.1393815706059927+0j) 0j 0j 0j 0j (0.07041919695277095+0j) 
(0.5259496385375086+0j) 0j 0j 0j 0j (0.2641208853550871+0j) 0j 0j 0j 0j (0.13949732448747437+0j) 0j 0j 0j 0j (0.0704321516199299+0j) 
(0.5259750684550729+0j) 0j 0j 0j 0j (0.2639670360331572+0j) 0j 0j 0j 0j (0.13961286336400427+0j) 0j 0j 0j 0j (0.07044503214776568+0j) 
(0.526000419222319+0j) 0j 0j 0j 0j (0.2638135543080664+0j) 0j 0j 0j 0j (0.13972818753774513+0j) 0j 0j 0j 0j (0.07045783893186948+0j) 
(0.526025691099646+0j) 0j 0j 0j 0j (0.26366043922373705+0j) 0j 0j 0j 0j (0.13984329731109252+0j) 0j 0j 0j 0j (0.07047057236552441+0j) 
(0.5260508843464432+0j) 0j 0j 0j 0j (0.26350768982717676+0j) 0j 0j 0j 0j (0.1399581929866746+0j) 0j 0j 0j 0j (0.07048323283970548+0j) 
(0.5260759992210894+0j) 0j 0j 0j 0j (0.2633553051684786+0j) 0j 0j 0j 0j (0.14007287486735237+0j) 0j 0j 0j 0j (0.07049582074307965+0j) 
(0.5261010359809536+0j) 0j 0j 0j 0j (0.26320328430082107+0j) 0j 0j 0j 0j (0.14018734325621954+0j) 0j 0j 0j 0j (0.0705083364620058+0j) 
(0.526125994882395+0j) 0j 0j 0j 0j (0.26305162628046785+0j) 0j 0j 0j 0j (0.14030159845660253+0j) 0j 0j 0j 0j (0.07052078038053469+0j) 
(0.5261508761807622+0j) 0j 0j 0j 0j (0.2629003301667682+0j) 0j 0j 0j 0j (0.14041564077206053+0j) 0j 0j 0j 0j (0.07053315288040907+0j) 
(0.5261756801303943+0j) 0j 0j 0j 0j (0.26274939502215683+0j) 0j 0j 0j 0j (0.14052947050638542+0j) 0j 0j 0j 0j (0.07054545434106353+0j) 
(0.52620040698462+0j) 0j 0j 0j 0j (0.26259881991215345+0j) 0j 0j 0j 0j (0.14064308796360186+0j) 0j 0j 0j 0j (0.07055768513962467+0j) 
(0.5262250569957582+0j) 0j 0j 0j 0j (0.26244860390536356+0j) 0j 0j 0j 0j (0.1407564934479672+0j) 0j 0j 0j 0j (0.07056984565091094+0j) 
(0.5262496304151176+0j) 0j 0j 0j 0j (0.2622987460734779+0j) 0j 0j 0j 0j (0.14086968726397164+0j) 0j 0j 0j 0j (0.07058193624743277+0j) 
(0.5262741274929971+0j) 0j 0j 0j 0j (0.26214924549127255+0j) 0j 0j 0j 0j (0.14098266971633794+0j) 0j 0j 0j 0j (0.07059395729939245+0j) 
(0.5262985484786851+0j) 0j 0j 0j 0j (0.26200010123660894+0j) 0j 0j 0j 0j (0.1410954411100217+0j) 0j 0j 0j 0j (0.07060590917468426+0j) 
(0.5263228936204605+0j) 0j 0j 0j 0j (0.261851312390434+0j) 0j 0j 0j 0j (0.1412080017502113+0j) 0j 0j 0j 0j (0.07061779223889435+0j) 
(0.5263471631655916+0j) 0j 0j 0j 0j (0.26170287803677994+0j) 0j 0j 0j 0j (0.1413203519423277+0j) 0j 0j 0j 0j (0.07062960685530079+0j) 
(0.5263713573603372+0j) 0j 0j 0j 0j (0.2615547972627645+0j) 0j 0j 0j 0j (0.14143249199202473+0j) 0j 0j 0j 0j (0.07064135338487361+0j) 
(0.5263954764499458+0j) 0j 0j 0j 0j (0.2614070691585905+0j) 0j 0j 0j 0j (0.14154442220518895+0j) 0j 0j 0j 0j (0.07065303218627475+0j) 
(0.5264195206786558+0j) 0j 0j 0j 0j (0.2612596928175466+0j) 0j 0j 0j 0j (0.1416561428879396+0j) 0j 0j 0j 0j (0.07066464361585806+0j) 
(0.5264434902896957+0j) 0j 0j 0j 0j (0.26111266733600635+0j) 0j 0j 0j 0j (0.14176765434662866+0j) 0j 0j 0j 0j (0.07067618802766931+0j) 
(0.5264673855252838+0j) 0j 0j 0j 0j (0.26096599181342905+0j) 0j 0j 0j 0j (0.14187895688784088+0j) 0j 0j 0j 0j (0.07068766577344622+0j) 
(0.5264912066266287+0j) 0j 0j 0j 0j (0.26081966535235923+0j) 0j 0j 0j 0j (0.1419900508183937+0j) 0j 0j 0j 0j (0.07069907720261838+0j) 
(0.5265149538339285+0j) 0j 0j 0j 0j (0.26067368705842675+0j) 0j 0j 0j 0j (0.14210093644533733+0j) 0j 0j 0j 0j (0.07071042266230737+0j) 
(0.5265386273863717+0j) 0j 0j 0j 0j (0.260528056040347+0j) 0j 0j 0j 0j (0.14221161407595476+0j) 0j 0j 0j 0j (0.07072170249732662+0j) 
(0.5265622275231401+0j) 0j 0j 0j 0j (0.2603827714071112+0j) 0j 0j 0j 0j (0.14232208401650456+0j) 0j 0j 0j 0j (0.07073291705324425+0j) 
(0.5265857545076119+0j) 0j 0j 0j 0j (0.2602378322002454+0j) 0j 0j 0j 0j (0.14243234654191295+0j) 0j 0j 0j 0j (0.07074406675022986+0j) 
(0.5266092085903977+0j) 0j 0j 0j 0j (0.26009323749726954+0j) 0j 0j 0j 0j (0.14254240194206239+0j) 0j 0j 0j 0j (0.07075515197027042+0j) 
(0.5266325900106229+0j) 0j 0j 0j 0j (0.259948986408109+0j) 0j 0j 0j 0j (0.14265225052018643+0j) 0j 0j 0j 0j (0.07076617306108182+0j) 
(0.5266558990065296+0j) 0j 0j 0j 0j (0.2598050780454182+0j) 0j 0j 0j 0j (0.14276189257959185+0j) 0j 0j 0j 0j (0.0707771303684604+0j) 
(0.5266791358154778+0j) 0j 0j 0j 0j (0.2596615115245805+0j) 0j 0j 0j 0j (0.1428713284236587+0j) 0j 0j 0j 0j (0.07078802423628304+0j) 
(0.5267023006739445+0j) 0j 0j 0j 0j (0.2595182859637081+0j) 0j 0j 0j 0j (0.1429805583558403+0j) 0j 0j 0j 0j (0.0707988550065072+0j) 
(0.5267253938175241+0j) 0j 0j 0j 0j (0.259375400483642+0j) 0j 0j 0j 0j (0.14308958267966312+0j) 0j 0j 0j 0j (0.0708096230191708+0j) 
(0.5267484154809283+0j) 0j 0j 0j 0j (0.2592328542079524+0j) 0j 0j 0j 0j (0.14319840169872697+0j) 0j 0j 0j 0j (0.07082032861239235+0j) 
(0.5267713658979862+0j) 0j 0j 0j 0j (0.25909064626293804+0j) 0j 0j 0j 0j (0.14330701571670482+0j) 0j 0j 0j 0j (0.07083097212237083+0j) 
(0.5267942453016443+0j) 0j 0j 0j 0j (0.258948775777627+0j) 0j 0j 0j 0j (0.14341542503734298+0j) 0j 0j 0j 0j (0.0708415538833858+0j) 
(0.5268170539239662+0j) 0j 0j 0j 0j (0.2588072418837758+0j) 0j 0j 0j 0j (0.14352362996446089+0j) 0j 0j 0j 0j (0.07085207422779728+0j) 
(0.5268397919961326+0j) 0j 0j 0j 0j (0.2586660437158702+0j) 0j 0j 0j 0j (0.14363163080195132+0j) 0j 0j 0j 0j (0.0708625334860459+0j) 
(0.5268624597484423+0j) 0j 0j 0j 0j (0.2585251804111247+0j) 0j 0j 0j 0j (0.14373942785378022+0j) 0j 0j 0j 0j (0.07087293198665275+0j) 
(0.5268850574103108+0j) 0j 0j 0j 0j (0.25838465110948294+0j) 0j 0j 0j 0j (0.1438470214239869+0j) 0j 0j 0j 0j (0.0708832700562195+0j) 
(0.5269075852102709+0j) 0j 0j 0j 0j (0.2582444549536171+0j) 0j 0j 0j 0j (0.14395441181668375+0j) 0j 0j 0j 0j (0.07089354801942832+0j) 
(0.526930043375973+0j) 0j 0j 0j 0j (0.25810459108892847+0j) 0j 0j 0j 0j (0.1440615993360565+0j) 0j 0j 0j 0j (0.07090376619904187+0j) 
