Tc: 0.6606763453727934
Th: 4.700782656251331
Tw: 1.442695040888963