Tc = -4.700782656251634
Th = -0.6606763453727391
Tw = -1.4426950408889734