(0.5099044903907365+0j) 0j 0j 0j 0j (0.33934022385427576+0j) 0j 0j 0j 0j (0.09051666247336712+0j) 0j 0j 0j 0j (0.060238623281620635+0j) 
(0.5099807266168633+0j) 0j 0j 0j 0j (0.3389984558574413+0j) 0j 0j 0j 0j (0.09071268645417976+0j) 0j 0j 0j 0j (0.060308131071515725+0j) 
(0.5100567272819219+0j) 0j 0j 0j 0j (0.3386575275757411+0j) 0j 0j 0j 0j (0.0909084563831036+0j) 0j 0j 0j 0j (0.06037728875923339+0j) 
(0.5101324784266196+0j) 0j 0j 0j 0j (0.33831748920328863+0j) 0j 0j 0j 0j (0.09110395622855487+0j) 0j 0j 0j 0j (0.06044607614153703+0j) 
(0.5102079820483635+0j) 0j 0j 0j 0j (0.3379783347153744+0j) 0j 0j 0j 0j (0.09129918568338698+0j) 0j 0j 0j 0j (0.0605144975528751+0j) 
(0.5102832398849992+0j) 0j 0j 0j 0j (0.3376400588693557+0j) 0j 0j 0j 0j (0.09149414448355415+0j) 0j 0j 0j 0j (0.06058255676209086+0j) 
(0.5103582519365268+0j) 0j 0j 0j 0j (0.3373026616652326+0j) 0j 0j 0j 0j (0.09168883262905642+0j) 0j 0j 0j 0j (0.060650253769184315+0j) 
(0.5104330182029458+0j) 0j 0j 0j 0j (0.33696614310300493+0j) 0j 0j 0j 0j (0.0918832501198937+0j) 0j 0j 0j 0j (0.060717588574155434+0j) 
(0.5105075386842568+0j) 0j 0j 0j 0j (0.3366305031826728+0j) 0j 0j 0j 0j (0.09207739695606608+0j) 0j 0j 0j 0j (0.060784561177004245+0j) 
(0.5105818133804595+0j) 0j 0j 0j 0j (0.3362957419042362+0j) 0j 0j 0j 0j (0.09227127313757351+0j) 0j 0j 0j 0j (0.06085117157773074+0j) 
(0.5106558424234071+0j) 0j 0j 0j 0j (0.3359618588693536+0j) 0j 0j 0j 0j (0.09246487864652103+0j) 0j 0j 0j 0j (0.06091742006071837+0j) 
(0.5107296281466904+0j) 0j 0j 0j 0j (0.335628847028011+0j) 0j 0j 0j 0j (0.09265821316619602+0j) 0j 0j 0j 0j (0.06098331165910252+0j) 
(0.5108031720598506+0j) 0j 0j 0j 0j (0.3352967018197335+0j) 0j 0j 0j 0j (0.09285127649172514+0j) 0j 0j 0j 0j (0.0610488496286909+0j) 
(0.5108764750176334+0j) 0j 0j 0j 0j (0.3349654206622464+0j) 0j 0j 0j 0j (0.09304406850710308+0j) 0j 0j 0j 0j (0.061114035813017+0j) 
(0.5109495378747856+0j) 0j 0j 0j 0j (0.3346350009732754+0j) 0j 0j 0j 0j (0.09323658909632455+0j) 0j 0j 0j 0j (0.061178872055614425+0j) 
(0.5110223614860528+0j) 0j 0j 0j 0j (0.3343054401705461+0j) 0j 0j 0j 0j (0.09342883814338429+0j) 0j 0j 0j 0j (0.0612433602000167+0j) 
(0.5110949467061817+0j) 0j 0j 0j 0j (0.3339767356717839+0j) 0j 0j 0j 0j (0.09362081553227698+0j) 0j 0j 0j 0j (0.06130750208975739+0j) 
(0.5111672943899181+0j) 0j 0j 0j 0j (0.33364888489471445+0j) 0j 0j 0j 0j (0.09381252114699735+0j) 0j 0j 0j 0j (0.061371299568370036+0j) 
(0.5112394053920085+0j) 0j 0j 0j 0j (0.3333218852570633+0j) 0j 0j 0j 0j (0.09400395487154013+0j) 0j 0j 0j 0j (0.06143475447938821+0j) 
(0.5113112805671987+0j) 0j 0j 0j 0j (0.33299573417655587+0j) 0j 0j 0j 0j (0.09419511658989996+0j) 0j 0j 0j 0j (0.06149786866634542+0j) 
(0.5113829207440381+0j) 0j 0j 0j 0j (0.3326704291431625+0j) 0j 0j 0j 0j (0.0943860062152325+0j) 0j 0j 0j 0j (0.06156064389756672+0j) 
(0.5114543266539201+0j) 0j 0j 0j 0j (0.3323459679147857+0j) 0j 0j 0j 0j (0.09457662376884193+0j) 0j 0j 0j 0j (0.06162308166245239+0j) 
(0.5115254991103733+0j) 0j 0j 0j 0j (0.3320223480228168+0j) 0j 0j 0j 0j (0.09476696918060311+0j) 0j 0j 0j 0j (0.06168518368620677+0j) 
(0.5115964389385473+0j) 0j 0j 0j 0j (0.33169956696660235+0j) 0j 0j 0j 0j (0.09495704236745638+0j) 0j 0j 0j 0j (0.061746951727394035+0j) 
(0.5116671469635914+0j) 0j 0j 0j 0j (0.3313776222454885+0j) 0j 0j 0j 0j (0.09514684324634183+0j) 0j 0j 0j 0j (0.061808387544578236+0j) 
(0.5117376240106549+0j) 0j 0j 0j 0j (0.33105651135882186+0j) 0j 0j 0j 0j (0.09533637173419986+0j) 0j 0j 0j 0j (0.06186949289632355+0j) 
(0.5118078709048868+0j) 0j 0j 0j 0j (0.3307362318059486+0j) 0j 0j 0j 0j (0.09552562774797055+0j) 0j 0j 0j 0j (0.06193026954119403+0j) 
(0.5118778884714368+0j) 0j 0j 0j 0j (0.33041678108621525+0j) 0j 0j 0j 0j (0.09571461120459428+0j) 0j 0j 0j 0j (0.06199071923775385+0j) 
(0.5119476775354538+0j) 0j 0j 0j 0j (0.3300981566989681+0j) 0j 0j 0j 0j (0.09590332202101119+0j) 0j 0j 0j 0j (0.06205084374456709+0j) 
(0.5120172389220871+0j) 0j 0j 0j 0j (0.3297803561435535+0j) 0j 0j 0j 0j (0.09609176011416151+0j) 0j 0j 0j 0j (0.062110644820197854+0j) 
(0.5120865733805823+0j) 0j 0j 0j 0j (0.329463377129037+0j) 0j 0j 0j 0j (0.09627992548147285+0j) 0j 0j 0j 0j (0.062170124008908+0j) 
(0.5121556815971758+0j) 0j 0j 0j 0j (0.3291472175385729+0j) 0j 0j 0j 0j (0.09646781818718568+0j) 0j 0j 0j 0j (0.062229282677065755+0j) 
(0.5122245643581769+0j) 0j 0j 0j 0j (0.32883187497882127+0j) 0j 0j 0j 0j (0.0966554381894258+0j) 0j 0j 0j 0j (0.06228812247357622+0j) 
(0.5122932224510919+0j) 0j 0j 0j 0j (0.3285173470531334+0j) 0j 0j 0j 0j (0.09684278544504911+0j) 0j 0j 0j 0j (0.06234664505072559+0j) 
(0.5123616566634275+0j) 0j 0j 0j 0j (0.3282036313648608+0j) 0j 0j 0j 0j (0.09702985991091155+0j) 0j 0j 0j 0j (0.062404852060800105+0j) 
(0.5124298677826904+0j) 0j 0j 0j 0j (0.3278907255173547+0j) 0j 0j 0j 0j (0.09721666154386906+0j) 0j 0j 0j 0j (0.062462745156085984+0j) 
(0.5124978565963868+0j) 0j 0j 0j 0j (0.3275786271139664+0j) 0j 0j 0j 0j (0.0974031903007775+0j) 0j 0j 0j 0j (0.0625203259888694+0j) 
(0.5125656238920234+0j) 0j 0j 0j 0j (0.3272673337580472+0j) 0j 0j 0j 0j (0.09758944613849277+0j) 0j 0j 0j 0j (0.0625775962114366+0j) 
(0.5126331704571069+0j) 0j 0j 0j 0j (0.3269568430529484+0j) 0j 0j 0j 0j (0.09777542901387086+0j) 0j 0j 0j 0j (0.0626345574760738+0j) 
(0.5127004970791437+0j) 0j 0j 0j 0j (0.32664715260202143+0j) 0j 0j 0j 0j (0.09796113888376765+0j) 0j 0j 0j 0j (0.06269121143506722+0j) 
(0.5127676045456404+0j) 0j 0j 0j 0j (0.3263382600086176+0j) 0j 0j 0j 0j (0.09814657570503907+0j) 0j 0j 0j 0j (0.06274755974070306+0j) 
(0.5128344936441035+0j) 0j 0j 0j 0j (0.3260301628760881+0j) 0j 0j 0j 0j (0.098331739434541+0j) 0j 0j 0j 0j (0.06280360404526752+0j) 
(0.5129011651620395+0j) 0j 0j 0j 0j (0.3257228588077843+0j) 0j 0j 0j 0j (0.09851663002912935+0j) 0j 0j 0j 0j (0.06285934600104684+0j) 
(0.5129676198869552+0j) 0j 0j 0j 0j (0.3254163454070576+0j) 0j 0j 0j 0j (0.0987012474456601+0j) 0j 0j 0j 0j (0.06291478726032723+0j) 
(0.5130338586063568+0j) 0j 0j 0j 0j (0.32511062027725923+0j) 0j 0j 0j 0j (0.09888559164098908+0j) 0j 0j 0j 0j (0.0629699294753949+0j) 
(0.5130998821077511+0j) 0j 0j 0j 0j (0.3248056810217406+0j) 0j 0j 0j 0j (0.0990696625719723+0j) 0j 0j 0j 0j (0.06302477429853608+0j) 
(0.5131656911786446+0j) 0j 0j 0j 0j (0.32450152524385295+0j) 0j 0j 0j 0j (0.0992534601954656+0j) 0j 0j 0j 0j (0.06307932338203696+0j) 
(0.5132312866065437+0j) 0j 0j 0j 0j (0.32419815054694756+0j) 0j 0j 0j 0j (0.0994369844683249+0j) 0j 0j 0j 0j (0.06313357837818376+0j) 
(0.5132966690961173+0j) 0j 0j 0j 0j (0.3238955547634095+0j) 0j 0j 0j 0j (0.09962023543402596+0j) 0j 0j 0j 0j (0.06318754070644733+0j) 
(0.51336183910562+0j) 0j 0j 0j 0j (0.32359373640691674+0j) 0j 0j 0j 0j (0.09980321339370753+0j) 0j 0j 0j 0j (0.06324121109375581+0j) 
(0.5134267973491358+0j) 0j 0j 0j 0j (0.32329269328382276+0j) 0j 0j 0j 0j (0.0999859183810003+0j) 0j 0j 0j 0j (0.06329459098604116+0j) 
(0.5134915445690323+0j) 0j 0j 0j 0j (0.3229924231222804+0j) 0j 0j 0j 0j (0.10016835039995972+0j) 0j 0j 0j 0j (0.06334768190872758+0j) 
(0.5135560815076775+0j) 0j 0j 0j 0j (0.3226929236504422+0j) 0j 0j 0j 0j (0.10035050945464123+0j) 0j 0j 0j 0j (0.06340048538723923+0j) 
(0.513620408907439+0j) 0j 0j 0j 0j (0.32239419259646085+0j) 0j 0j 0j 0j (0.10053239554910016+0j) 0j 0j 0j 0j (0.06345300294700022+0j) 
(0.5136845275106845+0j) 0j 0j 0j 0j (0.3220962276884889+0j) 0j 0j 0j 0j (0.10071400868739194+0j) 0j 0j 0j 0j (0.0635052361134347+0j) 
(0.513748438059782+0j) 0j 0j 0j 0j (0.3217990266546792+0j) 0j 0j 0j 0j (0.100895348873572+0j) 0j 0j 0j 0j (0.06355718641196685+0j) 
(0.5138121412970991+0j) 0j 0j 0j 0j (0.32150258722318437+0j) 0j 0j 0j 0j (0.10107641611169574+0j) 0j 0j 0j 0j (0.06360885536802083+0j) 
(0.5138756379650037+0j) 0j 0j 0j 0j (0.321206907122157+0j) 0j 0j 0j 0j (0.10125721040581856+0j) 0j 0j 0j 0j (0.06366024450702076+0j) 
(0.5139389288058636+0j) 0j 0j 0j 0j (0.3209119840797498+0j) 0j 0j 0j 0j (0.10143773175999586+0j) 0j 0j 0j 0j (0.0637113553543908+0j) 
(0.5140020145620464+0j) 0j 0j 0j 0j (0.3206178158241154+0j) 0j 0j 0j 0j (0.10161798017828305+0j) 0j 0j 0j 0j (0.06376218943555512+0j) 
(0.5140648959759201+0j) 0j 0j 0j 0j (0.3203244000834065+0j) 0j 0j 0j 0j (0.10179795566473555+0j) 0j 0j 0j 0j (0.06381274827593784+0j) 
(0.5141275737898524+0j) 0j 0j 0j 0j (0.32003173458577583+0j) 0j 0j 0j 0j (0.10197765822340878+0j) 0j 0j 0j 0j (0.06386303340096315+0j) 
(0.5141900487462109+0j) 0j 0j 0j 0j (0.3197398170593759+0j) 0j 0j 0j 0j (0.10215708785835807+0j) 0j 0j 0j 0j (0.06391304633605516+0j) 
(0.5142523215873637+0j) 0j 0j 0j 0j (0.31944864523235944+0j) 0j 0j 0j 0j (0.10233624457363891+0j) 0j 0j 0j 0j (0.06396278860663804+0j) 
(0.5143143930556783+0j) 0j 0j 0j 0j (0.3191582168328791+0j) 0j 0j 0j 0j (0.10251512837330666+0j) 0j 0j 0j 0j (0.06401226173813596+0j) 
(0.5143762638935226+0j) 0j 0j 0j 0j (0.3188685295890876+0j) 0j 0j 0j 0j (0.10269373926141674+0j) 0j 0j 0j 0j (0.06406146725597303+0j) 
(0.5144379348226134+0j) 0j 0j 0j 0j (0.31857958128638636+0j) 0j 0j 0j 0j (0.10287207726219949+0j) 0j 0j 0j 0j (0.06411040662880091+0j) 
(0.5144994063472071+0j) 0j 0j 0j 0j (0.318291370313016+0j) 0j 0j 0j 0j (0.1030501426123304+0j) 0j 0j 0j 0j (0.06415908072744661+0j) 
(0.5145606791012141+0j) 0j 0j 0j 0j (0.31800389469779355+0j) 0j 0j 0j 0j (0.10322793542182133+0j) 0j 0j 0j 0j (0.06420749077917104+0j) 
(0.514621753773105+0j) 0j 0j 0j 0j (0.31771715231828435+0j) 0j 0j 0j 0j (0.10340545574738189+0j) 0j 0j 0j 0j (0.06425563816122867+0j) 
(0.5146826310486731+0j) 0j 0j 0j 0j (0.31743114105947706+0j) 0j 0j 0j 0j (0.10358270364833769+0j) 0j 0j 0j 0j (0.06430352424351218+0j) 
(0.514743311611033+0j) 0j 0j 0j 0j (0.317145858813784+0j) 0j 0j 0j 0j (0.1037596791866305+0j) 0j 0j 0j 0j (0.0643511503885525+0j) 
(0.514803796140622+0j) 0j 0j 0j 0j (0.3168613034810409+0j) 0j 0j 0j 0j (0.1039363824268182+0j) 0j 0j 0j 0j (0.06439851795151882+0j) 
(0.5148640853151996+0j) 0j 0j 0j 0j (0.3165774729685071+0j) 0j 0j 0j 0j (0.10411281343607477+0j) 0j 0j 0j 0j (0.06444562828021855+0j) 
(0.5149241798098471+0j) 0j 0j 0j 0j (0.31629436519086546+0j) 0j 0j 0j 0j (0.10428897228419029+0j) 0j 0j 0j 0j (0.06449248271509735+0j) 
(0.5149840802969678+0j) 0j 0j 0j 0j (0.31601197807022213+0j) 0j 0j 0j 0j (0.10446485904357086+0j) 0j 0j 0j 0j (0.06453908258923909+0j) 
(0.5150437874462881+0j) 0j 0j 0j 0j (0.3157303095361072+0j) 0j 0j 0j 0j (0.10464047378923888+0j) 0j 0j 0j 0j (0.06458542922836596+0j) 
(0.5151033019248554+0j) 0j 0j 0j 0j (0.31544935752547376+0j) 0j 0j 0j 0j (0.10481581659883264+0j) 0j 0j 0j 0j (0.06463152395083832+0j) 
(0.5151626243970399+0j) 0j 0j 0j 0j (0.31516911998269875+0j) 0j 0j 0j 0j (0.10499088755260663+0j) 0j 0j 0j 0j (0.06467736806765476+0j) 
(0.5152217555245338+0j) 0j 0j 0j 0j (0.31488959485958257+0j) 0j 0j 0j 0j (0.10516568673343149+0j) 0j 0j 0j 0j (0.06472296288245219+0j) 
(0.5152806959663513+0j) 0j 0j 0j 0j (0.3146107801153491+0j) 0j 0j 0j 0j (0.10534021422679388+0j) 0j 0j 0j 0j (0.0647683096915057+0j) 
(0.5153394463788291+0j) 0j 0j 0j 0j (0.31433267371664575+0j) 0j 0j 0j 0j (0.10551447012079662+0j) 0j 0j 0j 0j (0.06481340978372863+0j) 
(0.5153980074156256+0j) 0j 0j 0j 0j (0.31405527363754326+0j) 0j 0j 0j 0j (0.10568845450615855+0j) 0j 0j 0j 0j (0.06485826444067254+0j) 
(0.5154563797277217+0j) 0j 0j 0j 0j (0.3137785778595362+0j) 0j 0j 0j 0j (0.10586216747621473+0j) 0j 0j 0j 0j (0.0649028749365273+0j) 
(0.5155145639634203+0j) 0j 0j 0j 0j (0.31350258437154255+0j) 0j 0j 0j 0j (0.10603560912691626+0j) 0j 0j 0j 0j (0.06494724253812095+0j) 
(0.5155725607683463+0j) 0j 0j 0j 0j (0.31322729116990355+0j) 0j 0j 0j 0j (0.10620877955683027+0j) 0j 0j 0j 0j (0.06499136850491981+0j) 
(0.5156303707854472+0j) 0j 0j 0j 0j (0.31295269625838423+0j) 0j 0j 0j 0j (0.10638167886714016+0j) 0j 0j 0j 0j (0.06503525408902841+0j) 
(0.515687994654992+0j) 0j 0j 0j 0j (0.3126787976481732+0j) 0j 0j 0j 0j (0.10655430716164534+0j) 0j 0j 0j 0j (0.06507890053518958+0j) 
(0.5157454330145724+0j) 0j 0j 0j 0j (0.31240559335788215+0j) 0j 0j 0j 0j (0.10672666454676125+0j) 0j 0j 0j 0j (0.06512230908078431+0j) 
(0.515802686499102+0j) 0j 0j 0j 0j (0.31213308141354673+0j) 0j 0j 0j 0j (0.10689875113151956+0j) 0j 0j 0j 0j (0.06516548095583188+0j) 
(0.5158597557408164+0j) 0j 0j 0j 0j (0.31186125984862595+0j) 0j 0j 0j 0j (0.10707056702756798+0j) 0j 0j 0j 0j (0.06520841738298981+0j) 
(0.5159166413692737+0j) 0j 0j 0j 0j (0.3115901267040022+0j) 0j 0j 0j 0j (0.10724211234917035+0j) 0j 0j 0j 0j (0.06525111957755385+0j) 
(0.5159733440113539+0j) 0j 0j 0j 0j (0.31131968002798155+0j) 0j 0j 0j 0j (0.10741338721320655+0j) 0j 0j 0j 0j (0.06529358874745798+0j) 
(0.5160298642948484+0j) 0j 0j 0j 0j (0.3110499178666646+0j) 0j 0j 0j 0j (0.10758439173306072+0j) 0j 0j 0j 0j (0.06533582610542618+0j) 
(0.5160862028798593+0j) 0j 0j 0j 0j (0.3107808381797096+0j) 0j 0j 0j 0j (0.10775512596515235+0j) 0j 0j 0j 0j (0.06537783297527872+0j) 
(0.5161423604005031+0j) 0j 0j 0j 0j (0.31051243899672715+0j) 0j 0j 0j 0j (0.10792559000820684+0j) 0j 0j 0j 0j (0.06541961059456308+0j) 
(0.5161983374792185+0j) 0j 0j 0j 0j (0.3102447183788954+0j) 0j 0j 0j 0j (0.10809578397889091+0j) 0j 0j 0j 0j (0.06546116016299516+0j) 
(0.5162541347360083+0j) 0j 0j 0j 0j (0.30997767439416835+0j) 0j 0j 0j 0j (0.10826570799607625+0j) 0j 0j 0j 0j (0.06550248287374699+0j) 
(0.5163097527884392+0j) 0j 0j 0j 0j (0.3097113051172751+0j) 0j 0j 0j 0j (0.10843536218083923+0j) 0j 0j 0j 0j (0.0655435799134466+0j) 
(0.5163651922516407+0j) 0j 0j 0j 0j (0.3094456086297205+0j) 0j 0j 0j 0j (0.10860474665646093+0j) 0j 0j 0j 0j (0.06558445246217806+0j) 
(0.5164204537383067+0j) 0j 0j 0j 0j (0.30918058301978457+0j) 0j 0j 0j 0j (0.10877386154842726+0j) 0j 0j 0j 0j (0.0656251016934815+0j) 
(0.5164755378586947+0j) 0j 0j 0j 0j (0.30891622638252314+0j) 0j 0j 0j 0j (0.10894270698442896+0j) 0j 0j 0j 0j (0.06566552877435315+0j) 
(0.5165304452206259+0j) 0j 0j 0j 0j (0.30865253681976745+0j) 0j 0j 0j 0j (0.10911128309436142+0j) 0j 0j 0j 0j (0.06570573486524521+0j) 
(0.516585176429485+0j) 0j 0j 0j 0j (0.3083895124401241+0j) 0j 0j 0j 0j (0.1092795900103249+0j) 0j 0j 0j 0j (0.06574572112006599+0j) 
(0.5166397320882207+0j) 0j 0j 0j 0j (0.3081271513589752+0j) 0j 0j 0j 0j (0.1094476278666244+0j) 0j 0j 0j 0j (0.06578548868617982+0j) 
(0.516694112797345+0j) 0j 0j 0j 0j (0.30786545169847845+0j) 0j 0j 0j 0j (0.10961539679976962+0j) 0j 0j 0j 0j (0.06582503870440709+0j) 
(0.5167483191549339+0j) 0j 0j 0j 0j (0.30760441158756685+0j) 0j 0j 0j 0j (0.10978289694847512+0j) 0j 0j 0j 0j (0.06586437230902423+0j) 
(0.5168023517566271+0j) 0j 0j 0j 0j (0.3073440291619491+0j) 0j 0j 0j 0j (0.10995012845366021+0j) 0j 0j 0j 0j (0.06590349062776373+0j) 
(0.5168562111956279+0j) 0j 0j 0j 0j (0.30708430256410923+0j) 0j 0j 0j 0j (0.11011709145844896+0j) 0j 0j 0j 0j (0.06594239478181411+0j) 
(0.5169098980627032+0j) 0j 0j 0j 0j (0.30682522994330674+0j) 0j 0j 0j 0j (0.1102837861081702+0j) 0j 0j 0j 0j (0.06598108588582001+0j) 
(0.5169634129461838+0j) 0j 0j 0j 0j (0.3065668094555768+0j) 0j 0j 0j 0j (0.11045021255035756+0j) 0j 0j 0j 0j (0.06601956504788203+0j) 
(0.517016756431964+0j) 0j 0j 0j 0j (0.30630903926372977+0j) 0j 0j 0j 0j (0.11061637093474938+0j) 0j 0j 0j 0j (0.06605783336955685+0j) 
(0.517069929103502+0j) 0j 0j 0j 0j (0.3060519175373518+0j) 0j 0j 0j 0j (0.11078226141328887+0j) 0j 0j 0j 0j (0.06609589194585724+0j) 
(0.5171229315418199+0j) 0j 0j 0j 0j (0.3057954424528043+0j) 0j 0j 0j 0j (0.11094788414012398+0j) 0j 0j 0j 0j (0.066133741865252+0j) 
(0.5171757643255025+0j) 0j 0j 0j 0j (0.30553961219322423+0j) 0j 0j 0j 0j (0.11111323927160728+0j) 0j 0j 0j 0j (0.06617138420966592+0j) 
(0.5172284280306997+0j) 0j 0j 0j 0j (0.30528442494852415+0j) 0j 0j 0j 0j (0.11127832696629637+0j) 0j 0j 0j 0j (0.06620882005447994+0j) 
(0.517280923231124+0j) 0j 0j 0j 0j (0.3050298789153918+0j) 0j 0j 0j 0j (0.11144314738495341+0j) 0j 0j 0j 0j (0.06624605046853095+0j) 
(0.5173332504980519+0j) 0j 0j 0j 0j (0.3047759722972907+0j) 0j 0j 0j 0j (0.11160770069054539+0j) 0j 0j 0j 0j (0.06628307651411197+0j) 
(0.517385410400324+0j) 0j 0j 0j 0j (0.30452270330445974+0j) 0j 0j 0j 0j (0.11177198704824415+0j) 0j 0j 0j 0j (0.06631989924697204+0j) 
(0.5174374035043442+0j) 0j 0j 0j 0j (0.3042700701539133+0j) 0j 0j 0j 0j (0.11193600662542622+0j) 0j 0j 0j 0j (0.06635651971631625+0j) 
(0.5174892303780598+0j) 0j 0j 0j 0j (0.3040180710587779+0j) 0j 0j 0j 0j (0.11209975958525899+0j) 0j 0j 0j 0j (0.06639293897790348+0j) 
(0.5175408916235482+0j) 0j 0j 0j 0j (0.30376670414097356+0j) 0j 0j 0j 0j (0.11226324603417974+0j) 0j 0j 0j 0j (0.06642915820129863+0j) 
(0.5175923878152398+0j) 0j 0j 0j 0j (0.30351596759675004+0j) 0j 0j 0j 0j (0.11242646612146348+0j) 0j 0j 0j 0j (0.06646517846654673+0j) 
(0.5176437195159374+0j) 0j 0j 0j 0j (0.30326585965376046+0j) 0j 0j 0j 0j (0.11258942001340348+0j) 0j 0j 0j 0j (0.06650100081689868+0j) 
(0.5176948872862203+0j) 0j 0j 0j 0j (0.3030163785458634+0j) 0j 0j 0j 0j (0.1127521078781548+0j) 0j 0j 0j 0j (0.06653662628976154+0j) 
(0.5177458916844441+0j) 0j 0j 0j 0j (0.30276752251312267+0j) 0j 0j 0j 0j (0.1129145298857344+0j) 0j 0j 0j 0j (0.06657205591669868+0j) 
(0.5177967332667412+0j) 0j 0j 0j 0j (0.30251928980180787+0j) 0j 0j 0j 0j (0.11307668620802123+0j) 0j 0j 0j 0j (0.0666072907234298+0j) 
(0.51784741258702+0j) 0j 0j 0j 0j (0.30227167866439353+0j) 0j 0j 0j 0j (0.1132385770187559+0j) 0j 0j 0j 0j (0.0666423317298307+0j) 
(0.5178979301969655+0j) 0j 0j 0j 0j (0.30202468735955984+0j) 0j 0j 0j 0j (0.11340020249354106+0j) 0j 0j 0j 0j (0.06667717994993355+0j) 
(0.5179482866460394+0j) 0j 0j 0j 0j (0.30177831415219253+0j) 0j 0j 0j 0j (0.11356156280984127+0j) 0j 0j 0j 0j (0.06671183639192678+0j) 
(0.5179984824814795+0j) 0j 0j 0j 0j (0.3015325573133826+0j) 0j 0j 0j 0j (0.11372265814698285+0j) 0j 0j 0j 0j (0.06674630205815507+0j) 
(0.5180485182483002+0j) 0j 0j 0j 0j (0.30128741512042634+0j) 0j 0j 0j 0j (0.11388348868615407+0j) 0j 0j 0j 0j (0.06678057794511932+0j) 
(0.5180983944892924+0j) 0j 0j 0j 0j (0.3010428858568257+0j) 0j 0j 0j 0j (0.1140440546104051+0j) 0j 0j 0j 0j (0.06681466504347675+0j) 
(0.5181481117450234+0j) 0j 0j 0j 0j (0.30079896781228793+0j) 0j 0j 0j 0j (0.11420435610464791+0j) 0j 0j 0j 0j (0.06684856433804078+0j) 
(0.5181976705538369+0j) 0j 0j 0j 0j (0.30055565928272565+0j) 0j 0j 0j 0j (0.11436439335565647+0j) 0j 0j 0j 0j (0.06688227680778114+0j) 
(0.5182470714518529+0j) 0j 0j 0j 0j (0.30031295857025686+0j) 0j 0j 0j 0j (0.11452416655206646+0j) 0j 0j 0j 0j (0.06691580342582379+0j) 
(0.5182963149729681+0j) 0j 0j 0j 0j (0.30007086398320515+0j) 0j 0j 0j 0j (0.11468367588437559+0j) 0j 0j 0j 0j (0.06694914515945095+0j) 
(0.5183454016488559+0j) 0j 0j 0j 0j (0.2998293738360995+0j) 0j 0j 0j 0j (0.11484292154494347+0j) 0j 0j 0j 0j (0.06698230297010117+0j) 
(0.5183943320089653+0j) 0j 0j 0j 0j (0.29958848644967395+0j) 0j 0j 0j 0j (0.11500190372799139+0j) 0j 0j 0j 0j (0.06701527781336913+0j) 
(0.5184431065805228+0j) 0j 0j 0j 0j (0.29934820015086855+0j) 0j 0j 0j 0j (0.11516062262960282+0j) 0j 0j 0j 0j (0.06704807063900592+0j) 
(0.5184917258885304+0j) 0j 0j 0j 0j (0.29910851327282817+0j) 0j 0j 0j 0j (0.1153190784477228+0j) 0j 0j 0j 0j (0.06708068239091873+0j) 
(0.518540190455767+0j) 0j 0j 0j 0j (0.29886942415490353+0j) 0j 0j 0j 0j (0.11547727138215842+0j) 0j 0j 0j 0j (0.06711311400717113+0j) 
(0.5185885008027881+0j) 0j 0j 0j 0j (0.29863093114265044+0j) 0j 0j 0j 0j (0.11563520163457863+0j) 0j 0j 0j 0j (0.0671453664199829+0j) 
(0.5186366574479252+0j) 0j 0j 0j 0j (0.2983930325878304+0j) 0j 0j 0j 0j (0.1157928694085143+0j) 0j 0j 0j 0j (0.06717744055573012+0j) 
(0.5186846609072867+0j) 0j 0j 0j 0j (0.29815572684841013+0j) 0j 0j 0j 0j (0.1159502749093581+0j) 0j 0j 0j 0j (0.06720933733494508+0j) 
(0.5187325116947571+0j) 0j 0j 0j 0j (0.2979190122885619+0j) 0j 0j 0j 0j (0.11610741834436461+0j) 0j 0j 0j 0j (0.06724105767231636+0j) 
(0.5187802103219977+0j) 0j 0j 0j 0j (0.2976828872786633+0j) 0j 0j 0j 0j (0.11626429992265033+0j) 0j 0j 0j 0j (0.06727260247668881+0j) 
(0.5188277573033031+0j) 0j 0j 0j 0j (0.2974473501822649+0j) 0j 0j 0j 0j (0.11642091984717884+0j) 0j 0j 0j 0j (0.06730397266725303+0j) 
(0.5188751531929968+0j) 0j 0j 0j 0j (0.2972123992557659+0j) 0j 0j 0j 0j (0.1165772782530628+0j) 0j 0j 0j 0j (0.06733516929817464+0j) 
(0.5189223985134541+0j) 0j 0j 0j 0j (0.2969780328415159+0j) 0j 0j 0j 0j (0.11673337532631886+0j) 0j 0j 0j 0j (0.06736619331871103+0j) 
(0.5189694937745556+0j) 0j 0j 0j 0j (0.29674424931563004+0j) 0j 0j 0j 0j (0.11688921127177451+0j) 0j 0j 0j 0j (0.06739704563803979+0j) 
(0.5190164394842038+0j) 0j 0j 0j 0j (0.29651104705976805+0j) 0j 0j 0j 0j (0.11704478629571277+0j) 0j 0j 0j 0j (0.06742772716031527+0j) 
(0.5190632361483245+0j) 0j 0j 0j 0j (0.2962784244611345+0j) 0j 0j 0j 0j (0.11720010060587233+0j) 0j 0j 0j 0j (0.06745823878466879+0j) 
(0.5191098842708654+0j) 0j 0j 0j 0j (0.2960463799124787+0j) 0j 0j 0j 0j (0.11735515441144738+0j) 0j 0j 0j 0j (0.0674885814052085+0j) 
(0.5191563843537976+0j) 0j 0j 0j 0j (0.2958149118120949+0j) 0j 0j 0j 0j (0.11750994792308793+0j) 0j 0j 0j 0j (0.06751875591101947+0j) 
(0.5192027368971146+0j) 0j 0j 0j 0j (0.2955840185638223+0j) 0j 0j 0j 0j (0.11766448135289952+0j) 0j 0j 0j 0j (0.06754876318616368+0j) 
(0.5192489423988323+0j) 0j 0j 0j 0j (0.2953536985770446+0j) 0j 0j 0j 0j (0.11781875491444325+0j) 0j 0j 0j 0j (0.06757860410967992+0j) 
(0.5192950013549897+0j) 0j 0j 0j 0j (0.2951239502666905+0j) 0j 0j 0j 0j (0.11797276882273595+0j) 0j 0j 0j 0j (0.06760827955558392+0j) 
(0.5193409142596481+0j) 0j 0j 0j 0j (0.2948947720532335+0j) 0j 0j 0j 0j (0.11812652329425001+0j) 0j 0j 0j 0j (0.06763779039286828+0j) 
(0.519386681604892+0j) 0j 0j 0j 0j (0.29466616236269205+0j) 0j 0j 0j 0j (0.11828001854691356+0j) 0j 0j 0j 0j (0.06766713748550253+0j) 
(0.5194323038808278+0j) 0j 0j 0j 0j (0.29443811962662914+0j) 0j 0j 0j 0j (0.11843325480011016+0j) 0j 0j 0j 0j (0.067696321692433+0j) 
(0.5194777815755851+0j) 0j 0j 0j 0j (0.2942106422821528+0j) 0j 0j 0j 0j (0.11858623227467915+0j) 0j 0j 0j 0j (0.06772534386758298+0j) 
(0.5195231151753161+0j) 0j 0j 0j 0j (0.29398372877191575+0j) 0j 0j 0j 0j (0.11873895119291544+0j) 0j 0j 0j 0j (0.06775420485985262+0j) 
(0.5195683051641957+0j) 0j 0j 0j 0j (0.2937573775441158+0j) 0j 0j 0j 0j (0.11889141177856964+0j) 0j 0j 0j 0j (0.06778290551311897+0j) 
(0.5196133520244212+0j) 0j 0j 0j 0j (0.29353158705249505+0j) 0j 0j 0j 0j (0.11904361425684783+0j) 0j 0j 0j 0j (0.06781144666623591+0j) 
(0.5196582562362129+0j) 0j 0j 0j 0j (0.29330635575634106+0j) 0j 0j 0j 0j (0.11919555885441188+0j) 0j 0j 0j 0j (0.0678398291530343+0j) 
(0.5197030182778134+0j) 0j 0j 0j 0j (0.29308168212048574+0j) 0j 0j 0j 0j (0.11934724579937918+0j) 0j 0j 0j 0j (0.06786805380232179+0j) 
(0.5197476386254883+0j) 0j 0j 0j 0j (0.2928575646153059+0j) 0j 0j 0j 0j (0.11949867532132274+0j) 0j 0j 0j 0j (0.06789612143788298+0j) 
(0.519792117753526+0j) 0j 0j 0j 0j (0.29263400171672344+0j) 0j 0j 0j 0j (0.11964984765127136+0j) 0j 0j 0j 0j (0.06792403287847935+0j) 
(0.5198364561342369+0j) 0j 0j 0j 0j (0.29241099190620473+0j) 0j 0j 0j 0j (0.11980076302170922+0j) 0j 0j 0j 0j (0.06795178893784924+0j) 
(0.5198806542379547+0j) 0j 0j 0j 0j (0.2921885336707612+0j) 0j 0j 0j 0j (0.1199514216665763+0j) 0j 0j 0j 0j (0.0679793904247079+0j) 
(0.5199247125330355+0j) 0j 0j 0j 0j (0.2919666255029489+0j) 0j 0j 0j 0j (0.12010182382126812+0j) 0j 0j 0j 0j (0.06800683814274741+0j) 
(0.5199686314858583+0j) 0j 0j 0j 0j (0.291745265900869+0j) 0j 0j 0j 0j (0.12025196972263594+0j) 0j 0j 0j 0j (0.06803413289063685+0j) 
(0.5200124115608243+0j) 0j 0j 0j 0j (0.29152445336816724+0j) 0j 0j 0j 0j (0.12040185960898649+0j) 0j 0j 0j 0j (0.06806127546202209+0j) 
(0.5200560532242411+0j) 0j 0j 0j 0j (0.29130418640365413+0j) 0j 0j 0j 0j (0.12055149371443094+0j) 0j 0j 0j 0j (0.06808826665767381+0j) 
(0.5200995569724421+0j) 0j 0j 0j 0j (0.2910844634261414+0j) 0j 0j 0j 0j (0.1207008722279633+0j) 0j 0j 0j 0j (0.06811510737345329+0j) 
(0.5201429232768224+0j) 0j 0j 0j 0j (0.29086528292135905+0j) 0j 0j 0j 0j (0.12084999537344689+0j) 0j 0j 0j 0j (0.06814179842837162+0j) 
(0.5201861525992754+0j) 0j 0j 0j 0j (0.29064664340069524+0j) 0j 0j 0j 0j (0.12099886338715107+0j) 0j 0j 0j 0j (0.06816834061287833+0j) 
(0.5202292453999038+0j) 0j 0j 0j 0j (0.2904285433805831+0j) 0j 0j 0j 0j (0.12114747650652874+0j) 0j 0j 0j 0j (0.06819473471298432+0j) 
(0.5202722021370201+0j) 0j 0j 0j 0j (0.29021098138250134+0j) 0j 0j 0j 0j (0.12129583497021648+0j) 0j 0j 0j 0j (0.06822098151026208+0j) 
(0.5203150232671462+0j) 0j 0j 0j 0j (0.2899939559329736+0j) 0j 0j 0j 0j (0.12144393901803453+0j) 0j 0j 0j 0j (0.06824708178184563+0j) 
(0.5203577092450136+0j) 0j 0j 0j 0j (0.28977746556356915+0j) 0j 0j 0j 0j (0.12159178889098678+0j) 0j 0j 0j 0j (0.06827303630043048+0j) 
(0.5204002605235634+0j) 0j 0j 0j 0j (0.28956150881090215+0j) 0j 0j 0j 0j (0.12173938483126076+0j) 0j 0j 0j 0j (0.06829884583427366+0j) 
(0.5204426775539462+0j) 0j 0j 0j 0j (0.28934608421663227+0j) 0j 0j 0j 0j (0.12188672708222767+0j) 0j 0j 0j 0j (0.06832451114719373+0j) 
(0.5204849607855223+0j) 0j 0j 0j 0j (0.2891311903274645+0j) 0j 0j 0j 0j (0.12203381588844238+0j) 0j 0j 0j 0j (0.06835003299857079+0j) 
(0.5205271106658613+0j) 0j 0j 0j 0j (0.28891682569514887+0j) 0j 0j 0j 0j (0.12218065149564336+0j) 0j 0j 0j 0j (0.0683754121433464+0j) 
(0.5205691276407425+0j) 0j 0j 0j 0j (0.2887029888764809+0j) 0j 0j 0j 0j (0.1223272341507528+0j) 0j 0j 0j 0j (0.0684006493320237+0j) 
(0.520611012154155+0j) 0j 0j 0j 0j (0.2884896784333013+0j) 0j 0j 0j 0j (0.12247356410187653+0j) 0j 0j 0j 0j (0.06842574531066734+0j) 
(0.5206527646482968+0j) 0j 0j 0j 0j (0.2882768929324959+0j) 0j 0j 0j 0j (0.12261964159830395+0j) 0j 0j 0j 0j (0.06845070082090345+0j) 
(0.5206943855635761+0j) 0j 0j 0j 0j (0.28806463094599605+0j) 0j 0j 0j 0j (0.12276546689050817+0j) 0j 0j 0j 0j (0.0684755165999197+0j) 
(0.5207358753386104+0j) 0j 0j 0j 0j (0.28785289105077827+0j) 0j 0j 0j 0j (0.12291104023014608+0j) 0j 0j 0j 0j (0.06850019338046533+0j) 
(0.5207772344102267+0j) 0j 0j 0j 0j (0.28764167182886424+0j) 0j 0j 0j 0j (0.12305636187005796+0j) 0j 0j 0j 0j (0.06852473189085101+0j) 
(0.5208184632134618+0j) 0j 0j 0j 0j (0.2874309718673211+0j) 0j 0j 0j 0j (0.123201432064268+0j) 0j 0j 0j 0j (0.06854913285494901+0j) 
(0.5208595621815618+0j) 0j 0j 0j 0j (0.28722078975826115+0j) 0j 0j 0j 0j (0.12334625106798387+0j) 0j 0j 0j 0j (0.06857339699219307+0j) 
(0.5209005317459826+0j) 0j 0j 0j 0j (0.287011124098842+0j) 0j 0j 0j 0j (0.12349081913759703+0j) 0j 0j 0j 0j (0.06859752501757849+0j) 
(0.5209413723363892+0j) 0j 0j 0j 0j (0.28680197349126635+0j) 0j 0j 0j 0j (0.12363513653068242+0j) 0j 0j 0j 0j (0.06862151764166202+0j) 
(0.5209820843806566+0j) 0j 0j 0j 0j (0.28659333654278246+0j) 0j 0j 0j 0j (0.1237792035059988+0j) 0j 0j 0j 0j (0.06864537557056201+0j) 
(0.5210226683048694+0j) 0j 0j 0j 0j (0.28638521186568383+0j) 0j 0j 0j 0j (0.12392302032348854+0j) 0j 0j 0j 0j (0.0686690995059583+0j) 
(0.5210631245333215+0j) 0j 0j 0j 0j (0.2861775980773089+0j) 0j 0j 0j 0j (0.12406658724427758+0j) 0j 0j 0j 0j (0.06869269014509222+0j) 
(0.521103453488516+0j) 0j 0j 0j 0j (0.28597049380004164+0j) 0j 0j 0j 0j (0.12420990453067557+0j) 0j 0j 0j 0j (0.06871614818076664+0j) 
(0.5211436555911668+0j) 0j 0j 0j 0j (0.28576389766131144+0j) 0j 0j 0j 0j (0.12435297244617591+0j) 0j 0j 0j 0j (0.068739474301346+0j) 
(0.5211837312634221+0j) 0j 0j 0j 0j (0.28555780828493343+0j) 0j 0j 0j 0j (0.12449579125049227+0j) 0j 0j 0j 0j (0.0687626692011522+0j) 
(0.5212236809511687+0j) 0j 0j 0j 0j (0.2853522242312536+0j) 0j 0j 0j 0j (0.12463836116525116+0j) 0j 0j 0j 0j (0.06878573365232657+0j) 
(0.5212635050807066+0j) 0j 0j 0j 0j (0.28514714411342545+0j) 0j 0j 0j 0j (0.12478068244063889+0j) 0j 0j 0j 0j (0.06880866836522918+0j) 
(0.5213032040710192+0j) 0j 0j 0j 0j (0.28494256656448036+0j) 0j 0j 0j 0j (0.12492275533652714+0j) 0j 0j 0j 0j (0.06883147402797356+0j) 
(0.5213427783396105+0j) 0j 0j 0j 0j (0.2847384902216583+0j) 0j 0j 0j 0j (0.1250645801134916+0j) 0j 0j 0j 0j (0.06885415132523948+0j) 
(0.5213822283025146+0j) 0j 0j 0j 0j (0.2845349137263883+0j) 0j 0j 0j 0j (0.125206157032801+0j) 0j 0j 0j 0j (0.06887670093829634+0j) 
(0.5214215543742997+0j) 0j 0j 0j 0j (0.2843318357242685+0j) 0j 0j 0j 0j (0.12534748635640539+0j) 0j 0j 0j 0j (0.06889912354502653+0j) 
(0.5214607569680785+0j) 0j 0j 0j 0j (0.28412925486504714+0j) 0j 0j 0j 0j (0.12548856834692546+0j) 0j 0j 0j 0j (0.06892141981994893+0j) 
(0.5214998364955136+0j) 0j 0j 0j 0j (0.2839271698026031+0j) 0j 0j 0j 0j (0.12562940326764124+0j) 0j 0j 0j 0j (0.0689435904342423+0j) 
(0.521538793366825+0j) 0j 0j 0j 0j (0.2837255791949257+0j) 0j 0j 0j 0j (0.1257699913824807+0j) 0j 0j 0j 0j (0.06896563605576861+0j) 
(0.5215776279907983+0j) 0j 0j 0j 0j (0.2835244817040961+0j) 0j 0j 0j 0j (0.1259103329560089+0j) 0j 0j 0j 0j (0.06898755734909663+0j) 
(0.5216163407747909+0j) 0j 0j 0j 0j (0.28332387599626724+0j) 0j 0j 0j 0j (0.12605042825341659+0j) 0j 0j 0j 0j (0.0690093549755252+0j) 
(0.5216549321247398+0j) 0j 0j 0j 0j (0.2831237607416444+0j) 0j 0j 0j 0j (0.12619027754050907+0j) 0j 0j 0j 0j (0.0690310295931067+0j) 
(0.5216934024451688+0j) 0j 0j 0j 0j (0.28292413461446586+0j) 0j 0j 0j 0j (0.12632988108369506+0j) 0j 0j 0j 0j (0.06905258185667044+0j) 
(0.5217317521391953+0j) 0j 0j 0j 0j (0.28272499629298314+0j) 0j 0j 0j 0j (0.1264692391499754+0j) 0j 0j 0j 0j (0.06907401241784611+0j) 
(0.5217699816085387+0j) 0j 0j 0j 0j (0.282526344459442+0j) 0j 0j 0j 0j (0.12660835200693218+0j) 0j 0j 0j 0j (0.06909532192508723+0j) 
(0.5218080912535263+0j) 0j 0j 0j 0j (0.28232817780006214+0j) 0j 0j 0j 0j (0.1267472199227171+0j) 0j 0j 0j 0j (0.06911651102369443+0j) 
(0.5218460814731019+0j) 0j 0j 0j 0j (0.28213049500501847+0j) 0j 0j 0j 0j (0.12688584316604068+0j) 0j 0j 0j 0j (0.06913758035583902+0j) 
(0.5218839526648317+0j) 0j 0j 0j 0j (0.28193329476842127+0j) 0j 0j 0j 0j (0.1270242220061609+0j) 0j 0j 0j 0j (0.06915853056058635+0j) 
(0.5219217052249124+0j) 0j 0j 0j 0j (0.2817365757882965+0j) 0j 0j 0j 0j (0.12716235671287204+0j) 0j 0j 0j 0j (0.06917936227391916+0j) 
(0.5219593395481789+0j) 0j 0j 0j 0j (0.28154033676656665+0j) 0j 0j 0j 0j (0.12730024755649355+0j) 0j 0j 0j 0j (0.06920007612876108+0j) 
(0.5219968560281102+0j) 0j 0j 0j 0j (0.2813445764090311+0j) 0j 0j 0j 0j (0.12743789480785878+0j) 0j 0j 0j 0j (0.06922067275500007+0j) 
(0.522034255056838+0j) 0j 0j 0j 0j (0.2811492934253465+0j) 0j 0j 0j 0j (0.12757529873830392+0j) 0j 0j 0j 0j (0.06924115277951172+0j) 
(0.5220715370251531+0j) 0j 0j 0j 0j (0.28095448652900745+0j) 0j 0j 0j 0j (0.1277124596196567+0j) 0j 0j 0j 0j (0.06926151682618274+0j) 
(0.5221087023225134+0j) 0j 0j 0j 0j (0.28076015443732694+0j) 0j 0j 0j 0j (0.1278493777242254+0j) 0j 0j 0j 0j (0.06928176551593444+0j) 
(0.5221457513370501+0j) 0j 0j 0j 0j (0.28056629587141657+0j) 0j 0j 0j 0j (0.1279860533247873+0j) 0j 0j 0j 0j (0.06930189946674598+0j) 
(0.5221826844555765+0j) 0j 0j 0j 0j (0.2803729095561677+0j) 0j 0j 0j 0j (0.128122486694578+0j) 0j 0j 0j 0j (0.06932191929367797+0j) 
(0.5222195020635934+0j) 0j 0j 0j 0j (0.2801799942202311+0j) 0j 0j 0j 0j (0.12825867810727984+0j) 0j 0j 0j 0j (0.0693418256088957+0j) 
(0.5222562045452981+0j) 0j 0j 0j 0j (0.2799875485959983+0j) 0j 0j 0j 0j (0.12839462783701086+0j) 0j 0j 0j 0j (0.06936161902169274+0j) 
(0.5222927922835907+0j) 0j 0j 0j 0j (0.27979557141958145+0j) 0j 0j 0j 0j (0.12853033615831372+0j) 0j 0j 0j 0j (0.06938130013851426+0j) 
(0.5223292656600814+0j) 0j 0j 0j 0j (0.27960406143079386+0j) 0j 0j 0j 0j (0.12866580334614428+0j) 0j 0j 0j 0j (0.0694008695629804+0j) 
(0.5223656250550984+0j) 0j 0j 0j 0j (0.27941301737313107+0j) 0j 0j 0j 0j (0.12880102967586068+0j) 0j 0j 0j 0j (0.06942032789590981+0j) 
(0.5224018708476944+0j) 0j 0j 0j 0j (0.2792224379937507+0j) 0j 0j 0j 0j (0.12893601542321204+0j) 0j 0j 0j 0j (0.06943967573534297+0j) 
(0.522438003415654+0j) 0j 0j 0j 0j (0.2790323220434532+0j) 0j 0j 0j 0j (0.1290707608643272+0j) 0j 0j 0j 0j (0.06945891367656562+0j) 
(0.5224740231355016+0j) 0j 0j 0j 0j (0.2788426682766624+0j) 0j 0j 0j 0j (0.12920526627570372+0j) 0j 0j 0j 0j (0.06947804231213224+0j) 
(0.5225099303825081+0j) 0j 0j 0j 0j (0.27865347545140595+0j) 0j 0j 0j 0j (0.12933953193419656+0j) 0j 0j 0j 0j (0.06949706223188937+0j) 
(0.5225457255306981+0j) 0j 0j 0j 0j (0.2784647423292958+0j) 0j 0j 0j 0j (0.12947355811700698+0j) 0j 0j 0j 0j (0.06951597402299908+0j) 
(0.5225814089528575+0j) 0j 0j 0j 0j (0.2782764676755087+0j) 0j 0j 0j 0j (0.12960734510167127+0j) 0j 0j 0j 0j (0.06953477826996245+0j) 
(0.5226169810205408+0j) 0j 0j 0j 0j (0.27808865025876667+0j) 0j 0j 0j 0j (0.12974089316604973+0j) 0j 0j 0j 0j (0.06955347555464281+0j) 
(0.5226524421040778+0j) 0j 0j 0j 0j (0.27790128885131765+0j) 0j 0j 0j 0j (0.1298742025883153+0j) 0j 0j 0j 0j (0.06957206645628934+0j) 
(0.5226877925725816+0j) 0j 0j 0j 0j (0.2777143822289157+0j) 0j 0j 0j 0j (0.1300072736469425+0j) 0j 0j 0j 0j (0.0695905515515604+0j) 
(0.5227230327919506+0j) 0j 0j 0j 0j (0.27752792917622826+0j) 0j 0j 0j 0j (0.13014010662511344+0j) 0j 0j 0j 0j (0.06960893140670764+0j) 
(0.5227581631045151+0j) 0j 0j 0j 0j (0.2773419285419416+0j) 0j 0j 0j 0j (0.1302727018555786+0j) 0j 0j 0j 0j (0.06962720649796485+0j) 
(0.5227931838660125+0j) 0j 0j 0j 0j (0.2771563791386544+0j) 0j 0j 0j 0j (0.13040505963917448+0j) 0j 0j 0j 0j (0.06964537735615865+0j) 
(0.522828095437338+0j) 0j 0j 0j 0j (0.2769712797652167+0j) 0j 0j 0j 0j (0.1305371802630126+0j) 0j 0j 0j 0j (0.06966344453443271+0j) 
(0.5228628981780525+0j) 0j 0j 0j 0j (0.2767866292243021+0j) 0j 0j 0j 0j (0.13066906401478728+0j) 0j 0j 0j 0j (0.06968140858285807+0j) 
(0.5228975924463878+0j) 0j 0j 0j 0j (0.2766024263223954+0j) 0j 0j 0j 0j (0.13080071118277126+0j) 0j 0j 0j 0j (0.06969927004844553+0j) 
(0.5229321785992502+0j) 0j 0j 0j 0j (0.2764186698697814+0j) 0j 0j 0j 0j (0.13093212205581042+0j) 0j 0j 0j 0j (0.06971702947515779+0j) 
(0.5229666569922261+0j) 0j 0j 0j 0j (0.2762353586805329+0j) 0j 0j 0j 0j (0.13106329692331928+0j) 0j 0j 0j 0j (0.06973468740392165+0j) 
(0.5230010279795851+0j) 0j 0j 0j 0j (0.2760524915724988+0j) 0j 0j 0j 0j (0.1311942360752758+0j) 0j 0j 0j 0j (0.06975224437264022+0j) 
(0.5230352919142854+0j) 0j 0j 0j 0j (0.2758700673672928+0j) 0j 0j 0j 0j (0.1313249398022168+0j) 0j 0j 0j 0j (0.06976970091620514+0j) 
(0.5230694491479773+0j) 0j 0j 0j 0j (0.2756880848902812+0j) 0j 0j 0j 0j (0.13145540839523284+0j) 0j 0j 0j 0j (0.0697870575665087+0j) 
(0.5231035000310085+0j) 0j 0j 0j 0j (0.2755065429705716+0j) 0j 0j 0j 0j (0.13158564214596372+0j) 0j 0j 0j 0j (0.06980431485245621+0j) 
(0.5231374449124281+0j) 0j 0j 0j 0j (0.27532544044100066+0j) 0j 0j 0j 0j (0.13171564134659325+0j) 0j 0j 0j 0j (0.06982147329997802+0j) 
(0.5231712841399908+0j) 0j 0j 0j 0j (0.2751447761381228+0j) 0j 0j 0j 0j (0.13184540628984454+0j) 0j 0j 0j 0j (0.06983853343204184+0j) 
(0.5232050180601616+0j) 0j 0j 0j 0j (0.27496454890219846+0j) 0j 0j 0j 0j (0.13197493726897522+0j) 0j 0j 0j 0j (0.06985549576866493+0j) 
(0.52323864701812+0j) 0j 0j 0j 0j (0.2747847575771816+0j) 0j 0j 0j 0j (0.1321042345777724+0j) 0j 0j 0j 0j (0.06987236082692617+0j) 
(0.5232721713577645+0j) 0j 0j 0j 0j (0.2746054010107091+0j) 0j 0j 0j 0j (0.13223329851054802+0j) 0j 0j 0j 0j (0.0698891291209785+0j) 
(0.5233055914217172+0j) 0j 0j 0j 0j (0.27442647805408826+0j) 0j 0j 0j 0j (0.13236212936213382+0j) 0j 0j 0j 0j (0.06990580116206091+0j) 
(0.5233389075513276+0j) 0j 0j 0j 0j (0.2742479875622852+0j) 0j 0j 0j 0j (0.1324907274278765+0j) 0j 0j 0j 0j (0.06992237745851075+0j) 
(0.5233721200866778+0j) 0j 0j 0j 0j (0.27406992839391325+0j) 0j 0j 0j 0j (0.13261909300363298+0j) 0j 0j 0j 0j (0.06993885851577594+0j) 
(0.5234052293665863+0j) 0j 0j 0j 0j (0.2738922994112211+0j) 0j 0j 0j 0j (0.13274722638576542+0j) 0j 0j 0j 0j (0.06995524483642711+0j) 
(0.5234382357286126+0j) 0j 0j 0j 0j (0.2737150994800812+0j) 0j 0j 0j 0j (0.1328751278711364+0j) 0j 0j 0j 0j (0.0699715369201698+0j) 
(0.5234711395090615+0j) 0j 0j 0j 0j (0.27353832746997775+0j) 0j 0j 0j 0j (0.13300279775710405+0j) 0j 0j 0j 0j (0.06998773526385678+0j) 
(0.5235039410429877+0j) 0j 0j 0j 0j (0.2733619822539951+0j) 0j 0j 0j 0j (0.13313023634151716+0j) 0j 0j 0j 0j (0.07000384036150006+0j) 
(0.5235366406642+0j) 0j 0j 0j 0j (0.2731860627088062+0j) 0j 0j 0j 0j (0.13325744392271044+0j) 0j 0j 0j 0j (0.0700198527042833+0j) 
(0.5235692387052661+0j) 0j 0j 0j 0j (0.2730105677146606+0j) 0j 0j 0j 0j (0.1333844207994995+0j) 0j 0j 0j 0j (0.07003577278057387+0j) 
(0.5236017354975161+0j) 0j 0j 0j 0j (0.2728354961553727+0j) 0j 0j 0j 0j (0.1335111672711761+0j) 0j 0j 0j 0j (0.07005160107593508+0j) 
(0.523634131371048+0j) 0j 0j 0j 0j (0.2726608469183103+0j) 0j 0j 0j 0j (0.13363768363750325+0j) 0j 0j 0j 0j (0.07006733807313845+0j) 
(0.5236664266547314+0j) 0j 0j 0j 0j (0.27248661889438247+0j) 0j 0j 0j 0j (0.13376397019871036+0j) 0j 0j 0j 0j (0.07008298425217578+0j) 
(0.5236986216762122+0j) 0j 0j 0j 0j (0.2723128109780281+0j) 0j 0j 0j 0j (0.13389002725548835+0j) 0j 0j 0j 0j (0.07009854009027154+0j) 
(0.5237307167619165+0j) 0j 0j 0j 0j (0.272139422067204+0j) 0j 0j 0j 0j (0.1340158551089848+0j) 0j 0j 0j 0j (0.07011400606189487+0j) 
(0.5237627122370558+0j) 0j 0j 0j 0j (0.27196645106337325+0j) 0j 0j 0j 0j (0.13414145406079914+0j) 0j 0j 0j 0j (0.07012938263877191+0j) 
(0.523794608425631+0j) 0j 0j 0j 0j (0.27179389687149336+0j) 0j 0j 0j 0j (0.13426682441297766+0j) 0j 0j 0j 0j (0.07014467028989799+0j) 
(0.5238264056504365+0j) 0j 0j 0j 0j (0.2716217584000048+0j) 0j 0j 0j 0j (0.13439196646800894+0j) 0j 0j 0j 0j (0.07015986948154981+0j) 
(0.523858104233065+0j) 0j 0j 0j 0j (0.2714500345608188+0j) 0j 0j 0j 0j (0.13451688052881858+0j) 0j 0j 0j 0j (0.07017498067729765+0j) 
(0.5238897044939118+0j) 0j 0j 0j 0j (0.271278724269306+0j) 0j 0j 0j 0j (0.1346415668987646+0j) 0j 0j 0j 0j (0.07019000433801753+0j) 
(0.5239212067521795+0j) 0j 0j 0j 0j (0.27110782644428444+0j) 0j 0j 0j 0j (0.13476602588163264+0j) 0j 0j 0j 0j (0.07020494092190349+0j) 
(0.5239526113258813+0j) 0j 0j 0j 0j (0.2709373400080081+0j) 0j 0j 0j 0j (0.13489025778163086+0j) 0j 0j 0j 0j (0.07021979088447973+0j) 
(0.523983918531847+0j) 0j 0j 0j 0j (0.2707672638861549+0j) 0j 0j 0j 0j (0.13501426290338522+0j) 0j 0j 0j 0j (0.07023455467861288+0j) 
(0.5240151286857262+0j) 0j 0j 0j 0j (0.27059759700781516+0j) 0j 0j 0j 0j (0.1351380415519347+0j) 0j 0j 0j 0j (0.0702492327545241+0j) 
(0.5240462421019929+0j) 0j 0j 0j 0j (0.2704283383054796+0j) 0j 0j 0j 0j (0.13526159403272617+0j) 0j 0j 0j 0j (0.07026382555980137+0j) 
(0.5240772590956185+0j) 0j 0j 0j 0j (0.27025948671046124+0j) 0j 0j 0j 0j (0.13538492064765384+0j) 0j 0j 0j 0j (0.07027833354626647+0j) 
(0.524108180008556+0j) 0j 0j 0j 0j (0.2700910410803813+0j) 0j 0j 0j 0j (0.13550802163224382+0j) 0j 0j 0j 0j (0.07029275727881894+0j) 
(0.5241390051657199+0j) 0j 0j 0j 0j (0.2699230003196945+0j) 0j 0j 0j 0j (0.13563089726007327+0j) 0j 0j 0j 0j (0.07030709725451237+0j) 
(0.5241697348809082+0j) 0j 0j 0j 0j (0.26975536336347555+0j) 0j 0j 0j 0j (0.135753547828729+0j) 0j 0j 0j 0j (0.07032135392688721+0j) 
(0.5242003694669253+0j) 0j 0j 0j 0j (0.26958812914970415+0j) 0j 0j 0j 0j (0.1358759736358034+0j) 0j 0j 0j 0j (0.07033552774756724+0j) 
(0.5242309092355881+0j) 0j 0j 0j 0j (0.2694212966192462+0j) 0j 0j 0j 0j (0.13599817497888306+0j) 0j 0j 0j 0j (0.07034961916628263+0j) 
(0.5242613544977343+0j) 0j 0j 0j 0j (0.2692548647158349+0j) 0j 0j 0j 0j (0.13612015215553785+0j) 0j 0j 0j 0j (0.07036362863089303+0j) 
(0.5242917055632283+0j) 0j 0j 0j 0j (0.2690888323860515+0j) 0j 0j 0j 0j (0.13624190546330964+0j) 0j 0j 0j 0j (0.07037755658741056+0j) 
(0.5243219627409691+0j) 0j 0j 0j 0j (0.26892319857930674+0j) 0j 0j 0j 0j (0.13636343519970126+0j) 0j 0j 0j 0j (0.07039140348002292+0j) 
(0.5243521263388968+0j) 0j 0j 0j 0j (0.2687579622478214+0j) 0j 0j 0j 0j (0.1364847416621653+0j) 0j 0j 0j 0j (0.07040516975111649+0j) 
(0.5243821966640001+0j) 0j 0j 0j 0j (0.26859312234660765+0j) 0j 0j 0j 0j (0.13660582514809302+0j) 0j 0j 0j 0j (0.0704188558412993+0j) 
(0.5244121740223225+0j) 0j 0j 0j 0j (0.26842867783345+0j) 0j 0j 0j 0j (0.13672668595480333+0j) 0j 0j 0j 0j (0.07043246218942416+0j) 
(0.5244420587189706+0j) 0j 0j 0j 0j (0.26826462766888626+0j) 0j 0j 0j 0j (0.13684732437953143+0j) 0j 0j 0j 0j (0.07044598923261171+0j) 
