(0.5038299012759547+0j) 0j 0j 0j 0j (0.3582356293058314+0j) 0j 0j 0j 0j (0.08061511293999787+0j) 0j 0j 0j 0j (0.057319356478215976+0j) 
(0.5039249762248027+0j) 0j 0j 0j 0j (0.3578448990440059+0j) 0j 0j 0j 0j (0.08082441487777697+0j) 0j 0j 0j 0j (0.057405709853414505+0j) 
(0.5040197574414523+0j) 0j 0j 0j 0j (0.35745514359241193+0j) 0j 0j 0j 0j (0.08103347103688023+0j) 0j 0j 0j 0j (0.05749162792925541+0j) 
(0.5041142276110814+0j) 0j 0j 0j 0j (0.35706642090272406+0j) 0j 0j 0j 0j (0.08124226569927935+0j) 0j 0j 0j 0j (0.05757708578691533+0j) 
(0.5042083895115528+0j) 0j 0j 0j 0j (0.3566787230191709+0j) 0j 0j 0j 0j (0.08145079802659197+0j) 0j 0j 0j 0j (0.05766208944268446+0j) 
(0.5043022444652149+0j) 0j 0j 0j 0j (0.35629204615425+0j) 0j 0j 0j 0j (0.0816590676211956+0j) 0j 0j 0j 0j (0.05774664175933973+0j) 
(0.5043957924720676+0j) 0j 0j 0j 0j (0.3559063903079611+0j) 0j 0j 0j 0j (0.08186707448309025+0j) 0j 0j 0j 0j (0.05783074273688115+0j) 
(0.5044890335321109+0j) 0j 0j 0j 0j (0.3555217554803044+0j) 0j 0j 0j 0j (0.08207481861227588+0j) 0j 0j 0j 0j (0.05791439237530871+0j) 
(0.5045819676453451+0j) 0j 0j 0j 0j (0.35513814167127983+0j) 0j 0j 0j 0j (0.08228230000875253+0j) 0j 0j 0j 0j (0.05799759067462242+0j) 
(0.5046745948567658+0j) 0j 0j 0j 0j (0.3547555487518685+0j) 0j 0j 0j 0j (0.08248951865964635+0j) 0j 0j 0j 0j (0.058080337731719466+0j) 
(0.50476691749519+0j) 0j 0j 0j 0j (0.3543739700445074+0j) 0j 0j 0j 0j (0.08269647389865203+0j) 0j 0j 0j 0j (0.05816263856165053+0j) 
(0.5048589376415143+0j) 0j 0j 0j 0j (0.35399339958251297+0j) 0j 0j 0j 0j (0.08290316513039785+0j) 0j 0j 0j 0j (0.05824449764557474+0j) 
(0.504950656363255+0j) 0j 0j 0j 0j (0.35361383430493+0j) 0j 0j 0j 0j (0.0831095920494534+0j) 0j 0j 0j 0j (0.058325917282361694+0j) 
(0.5050420747279277+0j) 0j 0j 0j 0j (0.35323527115080305+0j) 0j 0j 0j 0j (0.08331575435038828+0j) 0j 0j 0j 0j (0.05840689977088098+0j) 
(0.5051331938030489+0j) 0j 0j 0j 0j (0.3528577070591769+0j) 0j 0j 0j 0j (0.08352165172777211+0j) 0j 0j 0j 0j (0.05848744741000221+0j) 
(0.5052240146561343+0j) 0j 0j 0j 0j (0.35248113896909616+0j) 0j 0j 0j 0j (0.08372728387617451+0j) 0j 0j 0j 0j (0.05856756249859496+0j) 
(0.5053145383547004+0j) 0j 0j 0j 0j (0.3521055638196058+0j) 0j 0j 0j 0j (0.08393265049016513+0j) 0j 0j 0j 0j (0.05864724733552889+0j) 
(0.5054047659662628+0j) 0j 0j 0j 0j (0.35173097854975005+0j) 0j 0j 0j 0j (0.08413775126431353+0j) 0j 0j 0j 0j (0.05872650421967351+0j) 
(0.5054946985583381+0j) 0j 0j 0j 0j (0.3513573800985741+0j) 0j 0j 0j 0j (0.08434258589318938+0j) 0j 0j 0j 0j (0.058805335449898515+0j) 
(0.5055843371564785+0j) 0j 0j 0j 0j (0.350984765517154+0j) 0j 0j 0j 0j (0.08454715412161114+0j) 0j 0j 0j 0j (0.05888374320475623+0j) 
(0.5056736826871799+0j) 0j 0j 0j 0j (0.35061313212102424+0j) 0j 0j 0j 0j (0.08475145581301273+0j) 0j 0j 0j 0j (0.058961729378783245+0j) 
(0.5057627361752252+0j) 0j 0j 0j 0j (0.350242476963315+0j) 0j 0j 0j 0j (0.08495549071313396+0j) 0j 0j 0j 0j (0.05903929614832582+0j) 
(0.5058514986530259+0j) 0j 0j 0j 0j (0.3498727970767918+0j) 0j 0j 0j 0j (0.08515925855858028+0j) 0j 0j 0j 0j (0.059116445711601934+0j) 
(0.5059399711529937+0j) 0j 0j 0j 0j (0.34950408949421957+0j) 0j 0j 0j 0j (0.08536275908595713+0j) 0j 0j 0j 0j (0.05919318026682952+0j) 
(0.50602815470754+0j) 0j 0j 0j 0j (0.3491363512483636+0j) 0j 0j 0j 0j (0.08556599203186993+0j) 0j 0j 0j 0j (0.05926950201222655+0j) 
(0.5061160503490761+0j) 0j 0j 0j 0j (0.34876957937198894+0j) 0j 0j 0j 0j (0.08576895713292411+0j) 0j 0j 0j 0j (0.05934541314601094+0j) 
(0.5062036591100135+0j) 0j 0j 0j 0j (0.34840377089786073+0j) 0j 0j 0j 0j (0.08597165412572508+0j) 0j 0j 0j 0j (0.059420915866400636+0j) 
(0.5062909820227639+0j) 0j 0j 0j 0j (0.3480389228587442+0j) 0j 0j 0j 0j (0.08617408274687832+0j) 0j 0j 0j 0j (0.05949601237161364+0j) 
(0.5063780201144057+0j) 0j 0j 0j 0j (0.34767503230165253+0j) 0j 0j 0j 0j (0.08637624273912724+0j) 0j 0j 0j 0j (0.05957070484481462+0j) 
(0.5064647742600522+0j) 0j 0j 0j 0j (0.34731209667961077+0j) 0j 0j 0j 0j (0.08657813402012196+0j) 0j 0j 0j 0j (0.059644995040215185+0j) 
(0.5065512453857155+0j) 0j 0j 0j 0j (0.3469501133096554+0j) 0j 0j 0j 0j (0.08677975644892993+0j) 0j 0j 0j 0j (0.05971888485569912+0j) 
(0.5066374344786503+0j) 0j 0j 0j 0j (0.34658907934519934+0j) 0j 0j 0j 0j (0.08698110981413071+0j) 0j 0j 0j 0j (0.05979237636201967+0j) 
(0.506723342526111+0j) 0j 0j 0j 0j (0.34622899193965523+0j) 0j 0j 0j 0j (0.08718219390430375+0j) 0j 0j 0j 0j (0.059865471629930014+0j) 
(0.5068089705153521+0j) 0j 0j 0j 0j (0.3458698482464359+0j) 0j 0j 0j 0j (0.08738300850802858+0j) 0j 0j 0j 0j (0.05993817273018337+0j) 
(0.5068943194336284+0j) 0j 0j 0j 0j (0.34551164541895407+0j) 0j 0j 0j 0j (0.08758355341388471+0j) 0j 0j 0j 0j (0.060010481733532954+0j) 
(0.506979390268194+0j) 0j 0j 0j 0j (0.34515438061062237+0j) 0j 0j 0j 0j (0.08778382841045161+0j) 0j 0j 0j 0j (0.06008240071073193+0j) 
(0.5070641840063039+0j) 0j 0j 0j 0j (0.3447980509748538+0j) 0j 0j 0j 0j (0.08798383328630882+0j) 0j 0j 0j 0j (0.06015393173253357+0j) 
(0.5071487016352123+0j) 0j 0j 0j 0j (0.3444426536650608+0j) 0j 0j 0j 0j (0.08818356783003582+0j) 0j 0j 0j 0j (0.06022507686969101+0j) 
(0.507232944142174+0j) 0j 0j 0j 0j (0.34408818583465645+0j) 0j 0j 0j 0j (0.08838303183021215+0j) 0j 0j 0j 0j (0.06029583819295752+0j) 
(0.5073169125144433+0j) 0j 0j 0j 0j (0.3437346446370532+0j) 0j 0j 0j 0j (0.08858222507541728+0j) 0j 0j 0j 0j (0.060366217773086275+0j) 
(0.5074006077392749+0j) 0j 0j 0j 0j (0.343382027225664+0j) 0j 0j 0j 0j (0.08878114735423073+0j) 0j 0j 0j 0j (0.060436217680830476+0j) 
(0.5074840308039232+0j) 0j 0j 0j 0j (0.34303033075390155+0j) 0j 0j 0j 0j (0.088979798455232+0j) 0j 0j 0j 0j (0.060505839986943345+0j) 
(0.5075671826956429+0j) 0j 0j 0j 0j (0.3426795523751785+0j) 0j 0j 0j 0j (0.0891781781670006+0j) 0j 0j 0j 0j (0.06057508676217808+0j) 
(0.5076500644016885+0j) 0j 0j 0j 0j (0.34232968924290774+0j) 0j 0j 0j 0j (0.08937628627811603+0j) 0j 0j 0j 0j (0.060643960077287895+0j) 
(0.5077326769093143+0j) 0j 0j 0j 0j (0.34198073851050187+0j) 0j 0j 0j 0j (0.08957412257715779+0j) 0j 0j 0j 0j (0.06071246200302598+0j) 
(0.5078150212030699+0j) 0j 0j 0j 0j (0.34163269733860424+0j) 0j 0j 0j 0j (0.08977168685578572+0j) 0j 0j 0j 0j (0.06078059460254016+0j) 
(0.507897097984378+0j) 0j 0j 0j 0j (0.34128556364455115+0j) 0j 0j 0j 0j (0.08996897922802867+0j) 0j 0j 0j 0j (0.06084835914304223+0j) 
(0.5079789080108656+0j) 0j 0j 0j 0j (0.3409393351954661+0j) 0j 0j 0j 0j (0.09016599974392123+0j) 0j 0j 0j 0j (0.06091575704974702+0j) 
(0.5080604522161749+0j) 0j 0j 0j 0j (0.34059400928804867+0j) 0j 0j 0j 0j (0.09036274825308643+0j) 0j 0j 0j 0j (0.060982790242689974+0j) 
(0.5081417315339478+0j) 0j 0j 0j 0j (0.3402495832189984+0j) 0j 0j 0j 0j (0.09055922460514731+0j) 0j 0j 0j 0j (0.06104946064190652+0j) 
(0.5082227468978262+0j) 0j 0j 0j 0j (0.3399060542850148+0j) 0j 0j 0j 0j (0.0907554286497269+0j) 0j 0j 0j 0j (0.061115770167432096+0j) 
(0.5083034992414522+0j) 0j 0j 0j 0j (0.33956341978279747+0j) 0j 0j 0j 0j (0.0909513602364482+0j) 0j 0j 0j 0j (0.06118172073930213+0j) 
(0.5083839894984679+0j) 0j 0j 0j 0j (0.3392216770090459+0j) 0j 0j 0j 0j (0.09114701921493426+0j) 0j 0j 0j 0j (0.06124731427755206+0j) 
(0.508464218602515+0j) 0j 0j 0j 0j (0.3388808232604596+0j) 0j 0j 0j 0j (0.0913424054348081+0j) 0j 0j 0j 0j (0.06131255270221732+0j) 
(0.5085441874872358+0j) 0j 0j 0j 0j (0.33854085583373816+0j) 0j 0j 0j 0j (0.09153751874569273+0j) 0j 0j 0j 0j (0.06137743793333334+0j) 
(0.5086238970862722+0j) 0j 0j 0j 0j (0.3382017720255811+0j) 0j 0j 0j 0j (0.09173235899721119+0j) 0j 0j 0j 0j (0.06144197189093556+0j) 
(0.5087033483332661+0j) 0j 0j 0j 0j (0.337863569132688+0j) 0j 0j 0j 0j (0.09192692603898649+0j) 0j 0j 0j 0j (0.06150615649505941+0j) 
(0.5087825421618597+0j) 0j 0j 0j 0j (0.3375262444517584+0j) 0j 0j 0j 0j (0.09212121972064166+0j) 0j 0j 0j 0j (0.06156999366574032+0j) 
(0.5088614795056948+0j) 0j 0j 0j 0j (0.3371897952794917+0j) 0j 0j 0j 0j (0.09231523989179974+0j) 0j 0j 0j 0j (0.061633485323013736+0j) 
(0.5089401612984136+0j) 0j 0j 0j 0j (0.33685421891258766+0j) 0j 0j 0j 0j (0.09250898640208374+0j) 0j 0j 0j 0j (0.06169663338691508+0j) 
(0.5090185884736579+0j) 0j 0j 0j 0j (0.33651951264774566+0j) 0j 0j 0j 0j (0.0927024591011167+0j) 0j 0j 0j 0j (0.06175943977747979+0j) 
(0.5090967619650698+0j) 0j 0j 0j 0j (0.3361856737816653+0j) 0j 0j 0j 0j (0.09289565783852162+0j) 0j 0j 0j 0j (0.0618219064147433+0j) 
(0.5091746827062913+0j) 0j 0j 0j 0j (0.33585269961104613+0j) 0j 0j 0j 0j (0.09308858246392154+0j) 0j 0j 0j 0j (0.06188403521874104+0j) 
(0.5092523514581229+0j) 0j 0j 0j 0j (0.335520587895069+0j) 0j 0j 0j 0j (0.09328123301302525+0j) 0j 0j 0j 0j (0.06194582763378292+0j) 
(0.5093297689379832+0j) 0j 0j 0j 0j (0.3351893365089931+0j) 0j 0j 0j 0j (0.09347360956824728+0j) 0j 0j 0j 0j (0.062007284984776256+0j) 
(0.5094069360166802+0j) 0j 0j 0j 0j (0.3348589429176475+0j) 0j 0j 0j 0j (0.09366571204685988+0j) 0j 0j 0j 0j (0.06206840901881245+0j) 
(0.5094838535616486+0j) 0j 0j 0j 0j (0.33452940459488506+0j) 0j 0j 0j 0j (0.09385754036976617+0j) 0j 0j 0j 0j (0.06212920147370013+0j) 
(0.5095605224369472+0j) 0j 0j 0j 0j (0.3342007190235936+0j) 0j 0j 0j 0j (0.0940490944615046+0j) 0j 0j 0j 0j (0.06218966407795467+0j) 
(0.5096369435032577+0j) 0j 0j 0j 0j (0.3338728836956954+0j) 0j 0j 0j 0j (0.09424037425024877+0j) 0j 0j 0j 0j (0.062249798550798124+0j) 
(0.5097131176178861+0j) 0j 0j 0j 0j (0.33354589611214724+0j) 0j 0j 0j 0j (0.09443137966780747+0j) 0j 0j 0j 0j (0.06230960660215924+0j) 
(0.5097890456347612+0j) 0j 0j 0j 0j (0.33321975378294066+0j) 0j 0j 0j 0j (0.09462211064962466+0j) 0j 0j 0j 0j (0.06236908993267344+0j) 
(0.509864728404436+0j) 0j 0j 0j 0j (0.3328944542271015+0j) 0j 0j 0j 0j (0.09481256713477951+0j) 0j 0j 0j 0j (0.06242825023368282+0j) 
(0.5099401667740866+0j) 0j 0j 0j 0j (0.33256999497269074+0j) 0j 0j 0j 0j (0.09500274906598641+0j) 0j 0j 0j 0j (0.062487089187236236+0j) 
(0.5100153615875127+0j) 0j 0j 0j 0j (0.3322463735568033+0j) 0j 0j 0j 0j (0.09519265638959487+0j) 0j 0j 0j 0j (0.06254560846608913+0j) 
(0.5100903136851376+0j) 0j 0j 0j 0j (0.33192358752556905+0j) 0j 0j 0j 0j (0.09538228905558967+0j) 0j 0j 0j 0j (0.06260380973370368+0j) 
(0.5101650239040082+0j) 0j 0j 0j 0j (0.33160163443415236+0j) 0j 0j 0j 0j (0.09557164701759072+0j) 0j 0j 0j 0j (0.06266169464424877+0j) 
(0.5102394930777947+0j) 0j 0j 0j 0j (0.3312805118467522+0j) 0j 0j 0j 0j (0.09576073023285314+0j) 0j 0j 0j 0j (0.06271926484259994+0j) 
(0.5103137220367912+0j) 0j 0j 0j 0j (0.3309602173366022+0j) 0j 0j 0j 0j (0.09594953866226726+0j) 0j 0j 0j 0j (0.06277652196433946+0j) 
(0.5103877116079149+0j) 0j 0j 0j 0j (0.3306407484859704+0j) 0j 0j 0j 0j (0.09613807227035857+0j) 0j 0j 0j 0j (0.0628334676357562+0j) 
(0.5104614626147068+0j) 0j 0j 0j 0j (0.33032210288615954+0j) 0j 0j 0j 0j (0.0963263310252878+0j) 0j 0j 0j 0j (0.06289010347384583+0j) 
(0.5105349758773315+0j) 0j 0j 0j 0j (0.3300042781375069+0j) 0j 0j 0j 0j (0.09651431489885079+0j) 0j 0j 0j 0j (0.0629464310863106+0j) 
(0.5106082522125772+0j) 0j 0j 0j 0j (0.32968727184938457+0j) 0j 0j 0j 0j (0.09670202386647868+0j) 0j 0j 0j 0j (0.06300245207155955+0j) 
(0.5106812924338552+0j) 0j 0j 0j 0j (0.3293710816401989+0j) 0j 0j 0j 0j (0.09688945790723771+0j) 0j 0j 0j 0j (0.06305816801870834+0j) 
(0.5107540973512005+0j) 0j 0j 0j 0j (0.3290557051373909+0j) 0j 0j 0j 0j (0.0970766170038293+0j) 0j 0j 0j 0j (0.0631135805075793+0j) 
(0.5108266677712721+0j) 0j 0j 0j 0j (0.3287411399774363+0j) 0j 0j 0j 0j (0.09726350114259016+0j) 0j 0j 0j 0j (0.06316869110870152+0j) 
(0.5108990044973518+0j) 0j 0j 0j 0j (0.3284273838058454+0j) 0j 0j 0j 0j (0.09745011031349213+0j) 0j 0j 0j 0j (0.06322350138331073+0j) 
(0.5109711083293454+0j) 0j 0j 0j 0j (0.3281144342771628+0j) 0j 0j 0j 0j (0.09763644451014221+0j) 0j 0j 0j 0j (0.06327801288334935+0j) 
(0.5110429800637825+0j) 0j 0j 0j 0j (0.3278022890549684+0j) 0j 0j 0j 0j (0.09782250372978267+0j) 0j 0j 0j 0j (0.06333222715146651+0j) 
(0.5111146205025212+0j) 0j 0j 0j 0j (0.3274909457889745+0j) 0j 0j 0j 0j (0.09800828795797971+0j) 0j 0j 0j 0j (0.06338614575052465+0j) 
(0.5111860304773418+0j) 0j 0j 0j 0j (0.32718040205033544+0j) 0j 0j 0j 0j (0.09819379712537235+0j) 0j 0j 0j 0j (0.06343977034695042+0j) 
(0.5112572107860024+0j) 0j 0j 0j 0j (0.32687065549985583+0j) 0j 0j 0j 0j (0.09837903122013227+0j) 0j 0j 0j 0j (0.06349310249400954+0j) 
(0.5113281622185922+0j) 0j 0j 0j 0j (0.3265617038186658+0j) 0j 0j 0j 0j (0.0985639902416153+0j) 0j 0j 0j 0j (0.06354614372112666+0j) 
(0.5113988855621101+0j) 0j 0j 0j 0j (0.32625354469617834+0j) 0j 0j 0j 0j (0.09874867419230987+0j) 0j 0j 0j 0j (0.0635988955494017+0j) 
(0.5114693816004638+0j) 0j 0j 0j 0j (0.3259461758300894+0j) 0j 0j 0j 0j (0.09893308307783699+0j) 0j 0j 0j 0j (0.06365135949160976+0j) 
(0.5115396511144709+0j) 0j 0j 0j 0j (0.3256395949263776+0j) 0j 0j 0j 0j (0.09911721690695027+0j) 0j 0j 0j 0j (0.06370353705220129+0j) 
(0.5116096948818575+0j) 0j 0j 0j 0j (0.32533379969930465+0j) 0j 0j 0j 0j (0.09930107569153593+0j) 0j 0j 0j 0j (0.06375542972730193+0j) 
(0.5116795136772598+0j) 0j 0j 0j 0j (0.32502878787141487+0j) 0j 0j 0j 0j (0.09948465944661276+0j) 0j 0j 0j 0j (0.06380703900471259+0j) 
(0.5117491082722229+0j) 0j 0j 0j 0j (0.32472455717353554+0j) 0j 0j 0j 0j (0.09966796819033219+0j) 0j 0j 0j 0j (0.06385836636390943+0j) 
(0.5118184794352012+0j) 0j 0j 0j 0j (0.32442110534477675+0j) 0j 0j 0j 0j (0.0998510019439782+0j) 0j 0j 0j 0j (0.06390941327604388+0j) 
(0.5118876279315586+0j) 0j 0j 0j 0j (0.32411843013253144+0j) 0j 0j 0j 0j (0.10003376073196737+0j) 0j 0j 0j 0j (0.06396018120394259+0j) 
(0.5119565545235681+0j) 0j 0j 0j 0j (0.32381652929247545+0j) 0j 0j 0j 0j (0.10021624458184894+0j) 0j 0j 0j 0j (0.06401067160210748+0j) 
(0.5120252599704123+0j) 0j 0j 0j 0j (0.32351540058856737+0j) 0j 0j 0j 0j (0.10039845352430465+0j) 0j 0j 0j 0j (0.06406088591671574+0j) 
(0.5120937450281826+0j) 0j 0j 0j 0j (0.3232150417930487+0j) 0j 0j 0j 0j (0.10058038759314891+0j) 0j 0j 0j 0j (0.0641108255856198+0j) 
(0.5121620104498802+0j) 0j 0j 0j 0j (0.3229154506864438+0j) 0j 0j 0j 0j (0.1007620468253287+0j) 0j 0j 0j 0j (0.06416049203834734+0j) 
(0.5122300569854153+0j) 0j 0j 0j 0j (0.3226166250575598+0j) 0j 0j 0j 0j (0.10094343126092359+0j) 0j 0j 0j 0j (0.06420988669610128+0j) 
(0.5122978853816077+0j) 0j 0j 0j 0j (0.32231856270348674+0j) 0j 0j 0j 0j (0.10112454094314577+0j) 0j 0j 0j 0j (0.06425901097175982+0j) 
(0.5123654963821862+0j) 0j 0j 0j 0j (0.32202126142959747+0j) 0j 0j 0j 0j (0.10130537591833999+0j) 0j 0j 0j 0j (0.06430786626987639+0j) 
(0.512432890727789+0j) 0j 0j 0j 0j (0.3217247190495477+0j) 0j 0j 0j 0j (0.10148593623598363+0j) 0j 0j 0j 0j (0.06435645398667969+0j) 
(0.5125000691559637+0j) 0j 0j 0j 0j (0.321428933385276+0j) 0j 0j 0j 0j (0.10166622194868667+0j) 0j 0j 0j 0j (0.06440477551007368+0j) 
(0.5125670324011671+0j) 0j 0j 0j 0j (0.3211339022670038+0j) 0j 0j 0j 0j (0.10184623311219164+0j) 0j 0j 0j 0j (0.06445283221963755+0j) 
(0.5126337811947653+0j) 0j 0j 0j 0j (0.32083962353323525+0j) 0j 0j 0j 0j (0.10202596978537372+0j) 0j 0j 0j 0j (0.06450062548662573+0j) 
(0.5127003162650339+0j) 0j 0j 0j 0j (0.3205460950307575+0j) 0j 0j 0j 0j (0.10220543203024066+0j) 0j 0j 0j 0j (0.06454815667396797+0j) 
(0.5127666383371575+0j) 0j 0j 0j 0j (0.32025331461464046+0j) 0j 0j 0j 0j (0.10238461991193279+0j) 0j 0j 0j 0j (0.0645954271362692+0j) 
(0.5128327481338889+0j) 0j 0j 0j 0j (0.3199612801465092+0j) 0j 0j 0j 0j (0.10256353349761653+0j) 0j 0j 0j 0j (0.06464243822198536+0j) 
(0.5128986464107265+0j) 0j 0j 0j 0j (0.31966998940226193+0j) 0j 0j 0j 0j (0.10274217279738358+0j) 0j 0j 0j 0j (0.06468919138962799+0j) 
(0.5129643339093901+0j) 0j 0j 0j 0j (0.31937944019411707+0j) 0j 0j 0j 0j (0.10292053784241433+0j) 0j 0j 0j 0j (0.06473568805407846+0j) 
(0.5130298113496458+0j) 0j 0j 0j 0j (0.3190896303920599+0j) 0j 0j 0j 0j (0.10309862869871325+0j) 0j 0j 0j 0j (0.0647819295595811+0j) 
(0.513095079448425+0j) 0j 0j 0j 0j (0.31880055787368566+0j) 0j 0j 0j 0j (0.10327644543498653+0j) 0j 0j 0j 0j (0.06482791724290271+0j) 
(0.5131601389198256+0j) 0j 0j 0j 0j (0.3185122205241998+0j) 0j 0j 0j 0j (0.10345398812264206+0j) 0j 0j 0j 0j (0.06487365243333254+0j) 
(0.5132249904751106+0j) 0j 0j 0j 0j (0.31822461623641757+0j) 0j 0j 0j 0j (0.10363125683578944+0j) 0j 0j 0j 0j (0.06491913645268238+0j) 
(0.5132896348227091+0j) 0j 0j 0j 0j (0.3179377429107645+0j) 0j 0j 0j 0j (0.10380825165123997+0j) 0j 0j 0j 0j (0.06496437061528645+0j) 
(0.5133540726682159+0j) 0j 0j 0j 0j (0.31765159845527596+0j) 0j 0j 0j 0j (0.10398497264850665+0j) 0j 0j 0j 0j (0.0650093562280015+0j) 
(0.5134183047143916+0j) 0j 0j 0j 0j (0.31736618078559753+0j) 0j 0j 0j 0j (0.10416141990980415+0j) 0j 0j 0j 0j (0.06505409459020672+0j) 
(0.5134823316611626+0j) 0j 0j 0j 0j (0.31708148782498463+0j) 0j 0j 0j 0j (0.10433759352004893+0j) 0j 0j 0j 0j (0.0650985869938038+0j) 
(0.5135461542056212+0j) 0j 0j 0j 0j (0.31679751750430285+0j) 0j 0j 0j 0j (0.10451349356685904+0j) 0j 0j 0j 0j (0.06514283472321693+0j) 
(0.5136097730420252+0j) 0j 0j 0j 0j (0.31651426776202773+0j) 0j 0j 0j 0j (0.10468912014055434+0j) 0j 0j 0j 0j (0.06518683905539274+0j) 
(0.5136731888617982+0j) 0j 0j 0j 0j (0.316231736544245+0j) 0j 0j 0j 0j (0.10486447333415633+0j) 0j 0j 0j 0j (0.06523060125980037+0j) 
(0.51373640235353+0j) 0j 0j 0j 0j (0.31594992180465026+0j) 0j 0j 0j 0j (0.10503955324338822+0j) 0j 0j 0j 0j (0.06527412259843146+0j) 
(0.5137994142029758+0j) 0j 0j 0j 0j (0.3156688215045492+0j) 0j 0j 0j 0j (0.10521435996667493+0j) 0j 0j 0j 0j (0.06531740432580008+0j) 
(0.5138622250930565+0j) 0j 0j 0j 0j (0.31538843361285757+0j) 0j 0j 0j 0j (0.10538889360514309+0j) 0j 0j 0j 0j (0.06536044768894284+0j) 
(0.513924835703859+0j) 0j 0j 0j 0j (0.3151087561061011+0j) 0j 0j 0j 0j (0.10556315426262101+0j) 0j 0j 0j 0j (0.06540325392741878+0j) 
(0.5139872467126362+0j) 0j 0j 0j 0j (0.3148297869684156+0j) 0j 0j 0j 0j (0.10573714204563874+0j) 0j 0j 0j 0j (0.06544582427330944+0j) 
(0.5140494587938061+0j) 0j 0j 0j 0j (0.3145515241915469+0j) 0j 0j 0j 0j (0.105910857063428+0j) 0j 0j 0j 0j (0.06548815995121889+0j) 
(0.5141114726189533+0j) 0j 0j 0j 0j (0.3142739657748509+0j) 0j 0j 0j 0j (0.10608429942792222+0j) 0j 0j 0j 0j (0.0655302621782736+0j) 
(0.5141732888568274+0j) 0j 0j 0j 0j (0.3139971097252935+0j) 0j 0j 0j 0j (0.10625746925375654+0j) 0j 0j 0j 0j (0.06557213216412258+0j) 
(0.5142349081733444+0j) 0j 0j 0j 0j (0.31372095405745054+0j) 0j 0j 0j 0j (0.10643036665826781+0j) 0j 0j 0j 0j (0.0656137711109373+0j) 
(0.5142963312315856+0j) 0j 0j 0j 0j (0.3134454967935081+0j) 0j 0j 0j 0j (0.10660299176149457+0j) 0j 0j 0j 0j (0.06565518021341173+0j) 
(0.5143575586917986+0j) 0j 0j 0j 0j (0.3131707359632621+0j) 0j 0j 0j 0j (0.10677534468617705+0j) 0j 0j 0j 0j (0.06569636065876229+0j) 
(0.5144185912113962+0j) 0j 0j 0j 0j (0.31289666960411866+0j) 0j 0j 0j 0j (0.10694742555775721+0j) 0j 0j 0j 0j (0.0657373136267279+0j) 
(0.5144794294625131+0j) 0j 0j 0j 0j (0.3126232957149634+0j) 0j 0j 0j 0j (0.10711923447436351+0j) 0j 0j 0j 0j (0.06577804034816002+0j) 
(0.5145400741461444+0j) 0j 0j 0j 0j (0.312350612219008+0j) 0j 0j 0j 0j (0.10729077148263651+0j) 0j 0j 0j 0j (0.06581854215221113+0j) 
(0.5146005259212831+0j) 0j 0j 0j 0j (0.3120786171499951+0j) 0j 0j 0j 0j (0.10746203669888502+0j) 0j 0j 0j 0j (0.06585882022983684+0j) 
(0.5146607854421503+0j) 0j 0j 0j 0j (0.3118073085543683+0j) 0j 0j 0j 0j (0.10763303024543198+0j) 0j 0j 0j 0j (0.06589887575804931+0j) 
(0.5147208533604279+0j) 0j 0j 0j 0j (0.31153668448540733+0j) 0j 0j 0j 0j (0.10780375224679858+0j) 0j 0j 0j 0j (0.0659387099073662+0j) 
(0.5147807303252576+0j) 0j 0j 0j 0j (0.31126674300322793+0j) 0j 0j 0j 0j (0.10797420282970395+0j) 0j 0j 0j 0j (0.06597832384181054+0j) 
(0.5148404169832417+0j) 0j 0j 0j 0j (0.310997482174782+0j) 0j 0j 0j 0j (0.10814438212306546+0j) 0j 0j 0j 0j (0.06601771871891093+0j) 
(0.5148999139784426+0j) 0j 0j 0j 0j (0.3107289000738575+0j) 0j 0j 0j 0j (0.10831429025799859+0j) 0j 0j 0j 0j (0.06605689568970138+0j) 
(0.5149592219523833+0j) 0j 0j 0j 0j (0.31046099478107847+0j) 0j 0j 0j 0j (0.10848392736781694+0j) 0j 0j 0j 0j (0.06609585589872136+0j) 
(0.515018341544047+0j) 0j 0j 0j 0j (0.31019376438390506+0j) 0j 0j 0j 0j (0.10865329358803225+0j) 0j 0j 0j 0j (0.06613460048401582+0j) 
(0.5150772733898771+0j) 0j 0j 0j 0j (0.30992720697663345+0j) 0j 0j 0j 0j (0.10882238905635438+0j) 0j 0j 0j 0j (0.06617313057713516+0j) 
(0.5151360181237774+0j) 0j 0j 0j 0j (0.3096613206603961+0j) 0j 0j 0j 0j (0.10899121391269134+0j) 0j 0j 0j 0j (0.06621144730313525+0j) 
(0.5151945763771121+0j) 0j 0j 0j 0j (0.3093961035431613+0j) 0j 0j 0j 0j (0.10915976829914924+0j) 0j 0j 0j 0j (0.06624955178057743+0j) 
(0.5152529487787055+0j) 0j 0j 0j 0j (0.3091315537397337+0j) 0j 0j 0j 0j (0.10932805236003233+0j) 0j 0j 0j 0j (0.06628744512152851+0j) 
(0.5153111359548425+0j) 0j 0j 0j 0j (0.30886766937175375+0j) 0j 0j 0j 0j (0.10949606624184298+0j) 0j 0j 0j 0j (0.06632512843156071+0j) 
(0.5153691385292682+0j) 0j 0j 0j 0j (0.3086044485676983+0j) 0j 0j 0j 0j (0.10966381009328176+0j) 0j 0j 0j 0j (0.06636260280975181+0j) 
(0.5154269571231878+0j) 0j 0j 0j 0j (0.30834188946288+0j) 0j 0j 0j 0j (0.10983128406524723+0j) 0j 0j 0j 0j (0.06639986934868496+0j) 
(0.5154845923552671+0j) 0j 0j 0j 0j (0.30807999019944776+0j) 0j 0j 0j 0j (0.10999848831083621+0j) 0j 0j 0j 0j (0.06643692913444882+0j) 
(0.5155420448416322+0j) 0j 0j 0j 0j (0.3078187489263867+0j) 0j 0j 0j 0j (0.11016542298534361+0j) 0j 0j 0j 0j (0.06647378324663752+0j) 
(0.5155993151958693+0j) 0j 0j 0j 0j (0.30755816379951767+0j) 0j 0j 0j 0j (0.11033208824626242+0j) 0j 0j 0j 0j (0.06651043275835061+0j) 
(0.5156564040290251+0j) 0j 0j 0j 0j (0.30729823298149794+0j) 0j 0j 0j 0j (0.1104984842532838+0j) 0j 0j 0j 0j (0.06654687873619315+0j) 
(0.5157133119496066+0j) 0j 0j 0j 0j (0.3070389546418207+0j) 0j 0j 0j 0j (0.11066461116829704+0j) 0j 0j 0j 0j (0.06658312224027563+0j) 
(0.515770039563581+0j) 0j 0j 0j 0j (0.3067803269568154+0j) 0j 0j 0j 0j (0.1108304691553896+0j) 0j 0j 0j 0j (0.06661916432421405+0j) 
(0.5158265874743759+0j) 0j 0j 0j 0j (0.30652234810964735+0j) 0j 0j 0j 0j (0.11099605838084697+0j) 0j 0j 0j 0j (0.0666550060351298+0j) 
(0.5158829562828794+0j) 0j 0j 0j 0j (0.3062650162903181+0j) 0j 0j 0j 0j (0.11116137901315284+0j) 0j 0j 0j 0j (0.06669064841364979+0j) 
(0.5159391465898888+0j) 0j 0j 0j 0j (0.30600832968927155+0j) 0j 0j 0j 0j (0.11132643121919847+0j) 0j 0j 0j 0j (0.06672609250164126+0j) 
(0.5159951590287246+0j) 0j 0j 0j 0j (0.30575228641226393+0j) 0j 0j 0j 0j (0.11149121511381349+0j) 0j 0j 0j 0j (0.06676133944519787+0j) 
(0.5160509942100517+0j) 0j 0j 0j 0j (0.3054968846243969+0j) 0j 0j 0j 0j (0.11165573084515577+0j) 0j 0j 0j 0j (0.0667963903203957+0j) 
(0.516106652730854+0j) 0j 0j 0j 0j (0.30524212252668836+0j) 0j 0j 0j 0j (0.11181997858082143+0j) 0j 0j 0j 0j (0.06683124616163612+0j) 
(0.5161621351858061+0j) 0j 0j 0j 0j (0.30498799832639306+0j) 0j 0j 0j 0j (0.11198395849024949+0j) 0j 0j 0j 0j (0.06686590799755139+0j) 
(0.5162174421672722+0j) 0j 0j 0j 0j (0.30473451023700193+0j) 0j 0j 0j 0j (0.11214767074472147+0j) 0j 0j 0j 0j (0.06690037685100443+0j) 
(0.5162725742653066+0j) 0j 0j 0j 0j (0.3044816564782427+0j) 0j 0j 0j 0j (0.11231111551736168+0j) 0j 0j 0j 0j (0.06693465373908901+0j) 
(0.5163275320676537+0j) 0j 0j 0j 0j (0.3042294352760796+0j) 0j 0j 0j 0j (0.11247429298313709+0j) 0j 0j 0j 0j (0.06696873967312962+0j) 
(0.5163823161597478+0j) 0j 0j 0j 0j (0.3039778448627133+0j) 0j 0j 0j 0j (0.11263720331885732+0j) 0j 0j 0j 0j (0.06700263565868159+0j) 
(0.5164369271247132+0j) 0j 0j 0j 0j (0.303726883476581+0j) 0j 0j 0j 0j (0.11279984670317471+0j) 0j 0j 0j 0j (0.06703634269553094+0j) 
(0.5164913655433644+0j) 0j 0j 0j 0j (0.3034765493623567+0j) 0j 0j 0j 0j (0.11296222331658434+0j) 0j 0j 0j 0j (0.06706986177769458+0j) 
(0.5165456319942056+0j) 0j 0j 0j 0j (0.3032268407709505+0j) 0j 0j 0j 0j (0.11312433334142383+0j) 0j 0j 0j 0j (0.0671031938934201+0j) 
(0.516599727053431+0j) 0j 0j 0j 0j (0.3029777559595095+0j) 0j 0j 0j 0j (0.1132861769618736+0j) 0j 0j 0j 0j (0.06713634002518588+0j) 
(0.5166536512949252+0j) 0j 0j 0j 0j (0.3027292931914169+0j) 0j 0j 0j 0j (0.11344775436395668+0j) 0j 0j 0j 0j (0.0671693011497011+0j) 
(0.5167074052902626+0j) 0j 0j 0j 0j (0.30248145073629285+0j) 0j 0j 0j 0j (0.11360906573553892+0j) 0j 0j 0j 0j (0.06720207823790574+0j) 
(0.5167609896087072+0j) 0j 0j 0j 0j (0.3022342268699937+0j) 0j 0j 0j 0j (0.11377011126632866+0j) 0j 0j 0j 0j (0.06723467225497048+0j) 
(0.5168144048172136+0j) 0j 0j 0j 0j (0.3019876198746125+0j) 0j 0j 0j 0j (0.11393089114787706+0j) 0j 0j 0j 0j (0.06726708416029684+0j) 
(0.5168676514804262+0j) 0j 0j 0j 0j (0.30174162803847887+0j) 0j 0j 0j 0j (0.11409140557357793+0j) 0j 0j 0j 0j (0.06729931490751707+0j) 
(0.5169207301606792+0j) 0j 0j 0j 0j (0.30149624965615884+0j) 0j 0j 0j 0j (0.11425165473866773+0j) 0j 0j 0j 0j (0.06733136544449424+0j) 
(0.5169736414179971+0j) 0j 0j 0j 0j (0.30125148302845517+0j) 0j 0j 0j 0j (0.11441163884022566+0j) 0j 0j 0j 0j (0.06736323671332217+0j) 
(0.5170263858100941+0j) 0j 0j 0j 0j (0.3010073264624069+0j) 0j 0j 0j 0j (0.11457135807717359+0j) 0j 0j 0j 0j (0.06739492965032545+0j) 
(0.5170789638923747+0j) 0j 0j 0j 0j (0.30076377827128986+0j) 0j 0j 0j 0j (0.11473081265027602+0j) 0j 0j 0j 0j (0.06742644518605945+0j) 
(0.5171313762179333+0j) 0j 0j 0j 0j (0.3005208367746162+0j) 0j 0j 0j 0j (0.1148900027621402+0j) 0j 0j 0j 0j (0.06745778424531033+0j) 
(0.5171836233375542+0j) 0j 0j 0j 0j (0.30027850029813485+0j) 0j 0j 0j 0j (0.11504892861721604+0j) 0j 0j 0j 0j (0.06748894774709502+0j) 
(0.5172357057997116+0j) 0j 0j 0j 0j (0.300036767173831+0j) 0j 0j 0j 0j (0.1152075904217961+0j) 0j 0j 0j 0j (0.06751993660466118+0j) 
(0.5172876241505703+0j) 0j 0j 0j 0j (0.2997956357399267+0j) 0j 0j 0j 0j (0.11536598838401574+0j) 0j 0j 0j 0j (0.06755075172548736+0j) 
(0.5173393789490471+0j) 0j 0j 0j 0j (0.29955510430141535+0j) 0j 0j 0j 0j (0.11552412269010093+0j) 0j 0j 0j 0j (0.06758139405943653+0j) 
(0.5173909707625174+0j) 0j 0j 0j 0j (0.299315171141316+0j) 0j 0j 0j 0j (0.11568199351114145+0j) 0j 0j 0j 0j (0.06761186458502527+0j) 
(0.5174424001361354+0j) 0j 0j 0j 0j (0.29907583460104886+0j) 0j 0j 0j 0j (0.11583960105146514+0j) 0j 0j 0j 0j (0.06764216421135055+0j) 
(0.5174936676128897+0j) 0j 0j 0j 0j (0.2988370930278947+0j) 0j 0j 0j 0j (0.11599694551701631+0j) 0j 0j 0j 0j (0.0676722938421993+0j) 
(0.5175447737338207+0j) 0j 0j 0j 0j (0.29859894477442134+0j) 0j 0j 0j 0j (0.11615402711501044+0j) 0j 0j 0j 0j (0.0677022543767475+0j) 
(0.5175957190380303+0j) 0j 0j 0j 0j (0.2983613881984608+0j) 0j 0j 0j 0j (0.1163108460539205+0j) 0j 0j 0j 0j (0.06773204670958839+0j) 
(0.5176465040626902+0j) 0j 0j 0j 0j (0.2981244216630861+0j) 0j 0j 0j 0j (0.11646740254346297+0j) 0j 0j 0j 0j (0.06776167173076088+0j) 
(0.5176971293430509+0j) 0j 0j 0j 0j (0.29788804353658793+0j) 0j 0j 0j 0j (0.1166236967945838+0j) 0j 0j 0j 0j (0.06779113032577755+0j) 
(0.5177475954124505+0j) 0j 0j 0j 0j (0.29765225219245167+0j) 0j 0j 0j 0j (0.11677972901944465+0j) 0j 0j 0j 0j (0.06782042337565307+0j) 
(0.5177979028023242+0j) 0j 0j 0j 0j (0.2974170460093345+0j) 0j 0j 0j 0j (0.11693549943140895+0j) 0j 0j 0j 0j (0.0678495517569324+0j) 
(0.5178480520422116+0j) 0j 0j 0j 0j (0.2971824233710416+0j) 0j 0j 0j 0j (0.11709100824502781+0j) 0j 0j 0j 0j (0.06787851634171892+0j) 
(0.5178980436597672+0j) 0j 0j 0j 0j (0.29694838266650375+0j) 0j 0j 0j 0j (0.11724625567602626+0j) 0j 0j 0j 0j (0.0679073179977028+0j) 
(0.517947878180768+0j) 0j 0j 0j 0j (0.2967149222897536+0j) 0j 0j 0j 0j (0.11740124194128919+0j) 0j 0j 0j 0j (0.06793595758818916+0j) 
(0.5179975561291231+0j) 0j 0j 0j 0j (0.2964820406399029+0j) 0j 0j 0j 0j (0.1175559672588476+0j) 0j 0j 0j 0j (0.06796443597212631+0j) 
(0.5180470780268822+0j) 0j 0j 0j 0j (0.29624973612111927+0j) 0j 0j 0j 0j (0.11771043184786445+0j) 0j 0j 0j 0j (0.06799275400413402+0j) 
(0.5180964443942445+0j) 0j 0j 0j 0j (0.29601800714260285+0j) 0j 0j 0j 0j (0.11786463592862093+0j) 0j 0j 0j 0j (0.06802091253453171+0j) 
(0.5181456557495674+0j) 0j 0j 0j 0j (0.29578685211856354+0j) 0j 0j 0j 0j (0.11801857972250246+0j) 0j 0j 0j 0j (0.06804891240936677+0j) 
(0.5181947126093754+0j) 0j 0j 0j 0j (0.2955562694681974+0j) 0j 0j 0j 0j (0.11817226345198466+0j) 0j 0j 0j 0j (0.06807675447044262+0j) 
(0.5182436154883693+0j) 0j 0j 0j 0j (0.295326257615664+0j) 0j 0j 0j 0j (0.11832568734061957+0j) 0j 0j 0j 0j (0.06810443955534716+0j) 
(0.5182923648994344+0j) 0j 0j 0j 0j (0.2950968149900629+0j) 0j 0j 0j 0j (0.11847885161302173+0j) 0j 0j 0j 0j (0.06813196849748089+0j) 
(0.51834096135365+0j) 0j 0j 0j 0j (0.29486794002541084+0j) 0j 0j 0j 0j (0.11863175649485413+0j) 0j 0j 0j 0j (0.06815934212608515+0j) 
(0.5183894053602973+0j) 0j 0j 0j 0j (0.29463963116061803+0j) 0j 0j 0j 0j (0.11878440221281429+0j) 0j 0j 0j 0j (0.06818656126627032+0j) 
(0.5184376974268695+0j) 0j 0j 0j 0j (0.2944118868394659+0j) 0j 0j 0j 0j (0.11893678899462054+0j) 0j 0j 0j 0j (0.06821362673904423+0j) 
(0.5184858380590793+0j) 0j 0j 0j 0j (0.29418470551058284+0j) 0j 0j 0j 0j (0.11908891706899774+0j) 0j 0j 0j 0j (0.0682405393613401+0j) 
(0.518533827760869+0j) 0j 0j 0j 0j (0.2939580856274223+0j) 0j 0j 0j 0j (0.1192407866656638+0j) 0j 0j 0j 0j (0.06826729994604509+0j) 
(0.5185816670344181+0j) 0j 0j 0j 0j (0.2937320256482385+0j) 0j 0j 0j 0j (0.11939239801531526+0j) 0j 0j 0j 0j (0.06829390930202832+0j) 
(0.5186293563801531+0j) 0j 0j 0j 0j (0.2935065240360641+0j) 0j 0j 0j 0j (0.11954375134961373+0j) 0j 0j 0j 0j (0.06832036823416915+0j) 
(0.5186768962967561+0j) 0j 0j 0j 0j (0.2932815792586867+0j) 0j 0j 0j 0j (0.11969484690117191+0j) 0j 0j 0j 0j (0.06834667754338554+0j) 
(0.5187242872811729+0j) 0j 0j 0j 0j (0.2930571897886256+0j) 0j 0j 0j 0j (0.1198456849035394+0j) 0j 0j 0j 0j (0.06837283802666205+0j) 
(0.5187715298286233+0j) 0j 0j 0j 0j (0.29283335410310923+0j) 0j 0j 0j 0j (0.11999626559118917+0j) 0j 0j 0j 0j (0.06839885047707836+0j) 
(0.5188186244326084+0j) 0j 0j 0j 0j (0.29261007068405115+0j) 0j 0j 0j 0j (0.12014658919950336+0j) 0j 0j 0j 0j (0.06842471568383725+0j) 
(0.5188655715849203+0j) 0j 0j 0j 0j (0.2923873380180276+0j) 0j 0j 0j 0j (0.12029665596475932+0j) 0j 0j 0j 0j (0.06845043443229296+0j) 
(0.5189123717756507+0j) 0j 0j 0j 0j (0.292165154596254+0j) 0j 0j 0j 0j (0.12044646612411589+0j) 0j 0j 0j 0j (0.06847600750397942+0j) 
(0.5189590254932+0j) 0j 0j 0j 0j (0.29194351891456205+0j) 0j 0j 0j 0j (0.1205960199155994+0j) 0j 0j 0j 0j (0.0685014356766385+0j) 
(0.5190055332242857+0j) 0j 0j 0j 0j (0.2917224294733765+0j) 0j 0j 0j 0j (0.12074531757808964+0j) 0j 0j 0j 0j (0.06852671972424819+0j) 
(0.5190518954539513+0j) 0j 0j 0j 0j (0.29150188477769184+0j) 0j 0j 0j 0j (0.120894359351306+0j) 0j 0j 0j 0j (0.06855186041705089+0j) 
(0.5190981126655755+0j) 0j 0j 0j 0j (0.29128188333704935+0j) 0j 0j 0j 0j (0.12104314547579362+0j) 0j 0j 0j 0j (0.06857685852158156+0j) 
(0.5191441853408807+0j) 0j 0j 0j 0j (0.29106242366551394+0j) 0j 0j 0j 0j (0.12119167619290928+0j) 0j 0j 0j 0j (0.0686017148006961+0j) 
(0.5191901139599419+0j) 0j 0j 0j 0j (0.29084350428165096+0j) 0j 0j 0j 0j (0.1213399517448077+0j) 0j 0j 0j 0j (0.06862643001359944+0j) 
(0.5192358990003297+0j) 0j 0j 0j 0j (0.290625123710841+0j) 0j 0j 0j 0j (0.12148797237642237+0j) 0j 0j 0j 0j (0.06865100491240683+0j) 
(0.5192815409292625+0j) 0j 0j 0j 0j (0.2904072805064704+0j) 0j 0j 0j 0j (0.12163573835355294+0j) 0j 0j 0j 0j (0.0686754402107142+0j) 
(0.5193270402182091+0j) 0j 0j 0j 0j (0.2901899732105026+0j) 0j 0j 0j 0j (0.12178324992922722+0j) 0j 0j 0j 0j (0.06869973664206111+0j) 
(0.5193723973393456+0j) 0j 0j 0j 0j (0.28997320036304775+0j) 0j 0j 0j 0j (0.12193050735187243+0j) 0j 0j 0j 0j (0.0687238949457343+0j) 
(0.5194176127631794+0j) 0j 0j 0j 0j (0.2897569605087768+0j) 0j 0j 0j 0j (0.12207751087079442+0j) 0j 0j 0j 0j (0.06874791585724932+0j) 
(0.5194626869585574+0j) 0j 0j 0j 0j (0.28954125219690235+0j) 0j 0j 0j 0j (0.12222426073616667+0j) 0j 0j 0j 0j (0.06877180010837369+0j) 
(0.5195076203926722+0j) 0j 0j 0j 0j (0.2893260739811584+0j) 0j 0j 0j 0j (0.12237075719901927+0j) 0j 0j 0j 0j (0.06879554842714998+0j) 
(0.5195524135310718+0j) 0j 0j 0j 0j (0.2891114244197812+0j) 0j 0j 0j 0j (0.12251700051122812+0j) 0j 0j 0j 0j (0.06881916153791905+0j) 
(0.5195970668376646+0j) 0j 0j 0j 0j (0.288897302075489+0j) 0j 0j 0j 0j (0.12266299092550353+0j) 0j 0j 0j 0j (0.0688426401613429+0j) 
(0.5196415807747292+0j) 0j 0j 0j 0j (0.2886837055154629+0j) 0j 0j 0j 0j (0.12280872869537979+0j) 0j 0j 0j 0j (0.06886598501442809+0j) 
(0.5196859558029208+0j) 0j 0j 0j 0j (0.2884706333113268+0j) 0j 0j 0j 0j (0.12295421407520378+0j) 0j 0j 0j 0j (0.06888919681054871+0j) 
(0.5197301923812787+0j) 0j 0j 0j 0j (0.2882580840391277+0j) 0j 0j 0j 0j (0.12309944732012414+0j) 0j 0j 0j 0j (0.06891227625946948+0j) 
(0.5197742909672344+0j) 0j 0j 0j 0j (0.2880460562793165+0j) 0j 0j 0j 0j (0.12324442868608028+0j) 0j 0j 0j 0j (0.06893522406736892+0j) 
(0.5198182520166188+0j) 0j 0j 0j 0j (0.2878345486167275+0j) 0j 0j 0j 0j (0.12338915842979135+0j) 0j 0j 0j 0j (0.0689580409368624+0j) 
(0.5198620759836697+0j) 0j 0j 0j 0j (0.2876235596405595+0j) 0j 0j 0j 0j (0.12353363680874535+0j) 0j 0j 0j 0j (0.0689807275670254+0j) 
(0.5199057633210399+0j) 0j 0j 0j 0j (0.28741308794435555+0j) 0j 0j 0j 0j (0.12367786408118801+0j) 0j 0j 0j 0j (0.06900328465341643+0j) 
(0.519949314479804+0j) 0j 0j 0j 0j (0.2872031321259837+0j) 0j 0j 0j 0j (0.12382184050611204+0j) 0j 0j 0j 0j (0.06902571288810033+0j) 
(0.5199927299094663+0j) 0j 0j 0j 0j (0.2869936907876168+0j) 0j 0j 0j 0j (0.12396556634324582+0j) 0j 0j 0j 0j (0.06904801295967126+0j) 
(0.5200360100579684+0j) 0j 0j 0j 0j (0.2867847625357132+0j) 0j 0j 0j 0j (0.12410904185304264+0j) 0j 0j 0j 0j (0.06907018555327586+0j) 
(0.5200791553716967+0j) 0j 0j 0j 0j (0.2865763459809972+0j) 0j 0j 0j 0j (0.12425226729666977+0j) 0j 0j 0j 0j (0.06909223135063638+0j) 
(0.5201221662954902+0j) 0j 0j 0j 0j (0.2863684397384388+0j) 0j 0j 0j 0j (0.12439524293599732+0j) 0j 0j 0j 0j (0.06911415103007384+0j) 
(0.5201650432726473+0j) 0j 0j 0j 0j (0.2861610424272344+0j) 0j 0j 0j 0j (0.12453796903358719+0j) 0j 0j 0j 0j (0.06913594526653097+0j) 
(0.5202077867449346+0j) 0j 0j 0j 0j (0.2859541526707873+0j) 0j 0j 0j 0j (0.12468044585268254+0j) 0j 0j 0j 0j (0.06915761473159562+0j) 
(0.5202503971525929+0j) 0j 0j 0j 0j (0.28574776909668737+0j) 0j 0j 0j 0j (0.12482267365719613+0j) 0j 0j 0j 0j (0.06917916009352358+0j) 
(0.5202928749343463+0j) 0j 0j 0j 0j (0.28554189033669203+0j) 0j 0j 0j 0j (0.1249646527116999+0j) 0j 0j 0j 0j (0.06920058201726186+0j) 
(0.5203352205274084+0j) 0j 0j 0j 0j (0.2853365150267061+0j) 0j 0j 0j 0j (0.1251063832814137+0j) 0j 0j 0j 0j (0.0692218811644718+0j) 
(0.520377434367491+0j) 0j 0j 0j 0j (0.2851316418067624+0j) 0j 0j 0j 0j (0.12524786563219448+0j) 0j 0j 0j 0j (0.06924305819355214+0j) 
(0.5204195168888108+0j) 0j 0j 0j 0j (0.284927269321002+0j) 0j 0j 0j 0j (0.12538910003052509+0j) 0j 0j 0j 0j (0.06926411375966217+0j) 
(0.5204614685240976+0j) 0j 0j 0j 0j (0.2847233962176542+0j) 0j 0j 0j 0j (0.1255300867435035+0j) 0j 0j 0j 0j (0.06928504851474482+0j) 
(0.5205032897046011+0j) 0j 0j 0j 0j (0.28452002114901737+0j) 0j 0j 0j 0j (0.1256708260388317+0j) 0j 0j 0j 0j (0.06930586310754983+0j) 
(0.5205449808600994+0j) 0j 0j 0j 0j (0.28431714277143894+0j) 0j 0j 0j 0j (0.12581131818480482+0j) 0j 0j 0j 0j (0.06932655818365677+0j) 
(0.5205865424189058+0j) 0j 0j 0j 0j (0.2841147597452959+0j) 0j 0j 0j 0j (0.12595156345030006+0j) 0j 0j 0j 0j (0.0693471343854983+0j) 
(0.5206279748078766+0j) 0j 0j 0j 0j (0.2839128707349746+0j) 0j 0j 0j 0j (0.12609156210476571+0j) 0j 0j 0j 0j (0.06936759235238314+0j) 
(0.5206692784524186+0j) 0j 0j 0j 0j (0.28371147440885197+0j) 0j 0j 0j 0j (0.1262313144182102+0j) 0j 0j 0j 0j (0.06938793272051927+0j) 
(0.5207104537764969+0j) 0j 0j 0j 0j (0.283510569439275+0j) 0j 0j 0j 0j (0.12637082066119112+0j) 0j 0j 0j 0j (0.06940815612303704+0j) 
(0.5207515012026421+0j) 0j 0j 0j 0j (0.28331015450254127+0j) 0j 0j 0j 0j (0.12651008110480425+0j) 0j 0j 0j 0j (0.06942826319001225+0j) 
(0.5207924211519583+0j) 0j 0j 0j 0j (0.28311022827887977+0j) 0j 0j 0j 0j (0.12664909602067254+0j) 0j 0j 0j 0j (0.06944825454848937+0j) 
(0.5208332140441301+0j) 0j 0j 0j 0j (0.2829107894524303+0j) 0j 0j 0j 0j (0.12678786568093514+0j) 0j 0j 0j 0j (0.06946813082250448+0j) 
(0.5208738802974304+0j) 0j 0j 0j 0j (0.2827118367112247+0j) 0j 0j 0j 0j (0.1269263903582364+0j) 0j 0j 0j 0j (0.06948789263310856+0j) 
(0.5209144203287281+0j) 0j 0j 0j 0j (0.28251336874716637+0j) 0j 0j 0j 0j (0.12706467032571497+0j) 0j 0j 0j 0j (0.06950754059839052+0j) 
(0.520954834547774+0j) 0j 0j 0j 0j (0.282315384270756+0j) 0j 0j 0j 0j (0.1272027058674991+0j) 0j 0j 0j 0j (0.06952707531397095+0j) 
(0.5209951233579209+0j) 0j 0j 0j 0j (0.28211788200923327+0j) 0j 0j 0j 0j (0.12734049727738628+0j) 0j 0j 0j 0j (0.06954649735545954+0j) 
(0.5210352871701581+0j) 0j 0j 0j 0j (0.28192086067041294+0j) 0j 0j 0j 0j (0.12747804483307673+0j) 0j 0j 0j 0j (0.06956580732635216+0j) 
(0.5210753263942035+0j) 0j 0j 0j 0j (0.2817243189656389+0j) 0j 0j 0j 0j (0.12761534881253303+0j) 0j 0j 0j 0j (0.06958500582762461+0j) 
(0.5211152414383421+0j) 0j 0j 0j 0j (0.281528255610199+0j) 0j 0j 0j 0j (0.1277524094942785+0j) 0j 0j 0j 0j (0.0696040934571804+0j) 
(0.5211550327094332+0j) 0j 0j 0j 0j (0.2813326693233085+0j) 0j 0j 0j 0j (0.12788922715738843+0j) 0j 0j 0j 0j (0.06962307080987+0j) 
(0.5211947006129161+0j) 0j 0j 0j 0j (0.28113755882809277+0j) 0j 0j 0j 0j (0.12802580208148104+0j) 0j 0j 0j 0j (0.0696419384775101+0j) 
(0.5212342455528172+0j) 0j 0j 0j 0j (0.2809429228515711+0j) 0j 0j 0j 0j (0.12816213454670874+0j) 0j 0j 0j 0j (0.06966069704890297+0j) 
(0.521273667931756+0j) 0j 0j 0j 0j (0.28074876012463934+0j) 0j 0j 0j 0j (0.12829822483374906+0j) 0j 0j 0j 0j (0.06967934710985559+0j) 
(0.5213129681509516+0j) 0j 0j 0j 0j (0.2805550693820537+0j) 0j 0j 0j 0j (0.1284340732237958+0j) 0j 0j 0j 0j (0.06969788924319902+0j) 
(0.521352146610229+0j) 0j 0j 0j 0j (0.2803618493624135+0j) 0j 0j 0j 0j (0.12856967999855004+0j) 0j 0j 0j 0j (0.06971632402880752+0j) 
(0.5213912037080259+0j) 0j 0j 0j 0j (0.2801690988081446+0j) 0j 0j 0j 0j (0.12870504544021152+0j) 0j 0j 0j 0j (0.06973465204361806+0j) 
(0.5214301398413987+0j) 0j 0j 0j 0j (0.27997681646548267+0j) 0j 0j 0j 0j (0.12884016983146931+0j) 0j 0j 0j 0j (0.06975287386164931+0j) 
(0.5214689554060293+0j) 0j 0j 0j 0j (0.2797850010844563+0j) 0j 0j 0j 0j (0.12897505345549326+0j) 0j 0j 0j 0j (0.06977099005402114+0j) 
(0.5215076507962313+0j) 0j 0j 0j 0j (0.27959365141887016+0j) 0j 0j 0j 0j (0.1291096965959249+0j) 0j 0j 0j 0j (0.06978900118897367+0j) 
(0.5215462264049564+0j) 0j 0j 0j 0j (0.27940276622628857+0j) 0j 0j 0j 0j (0.1292440995368685+0j) 0j 0j 0j 0j (0.06980690783188674+0j) 
(0.5215846826238006+0j) 0j 0j 0j 0j (0.27921234426801805+0j) 0j 0j 0j 0j (0.12937826256288232+0j) 0j 0j 0j 0j (0.06982471054529897+0j) 
(0.5216230198430118+0j) 0j 0j 0j 0j (0.2790223843090914+0j) 0j 0j 0j 0j (0.1295121859589696+0j) 0j 0j 0j 0j (0.06984240988892722+0j) 
(0.5216612384514945+0j) 0j 0j 0j 0j (0.2788328851182501+0j) 0j 0j 0j 0j (0.12964587001056965+0j) 0j 0j 0j 0j (0.0698600064196857+0j) 
(0.5216993388368175+0j) 0j 0j 0j 0j (0.2786438454679282+0j) 0j 0j 0j 0j (0.12977931500354903+0j) 0j 0j 0j 0j (0.06987750069170538+0j) 
(0.5217373213852197+0j) 0j 0j 0j 0j (0.27845526413423505+0j) 0j 0j 0j 0j (0.12991252122419245+0j) 0j 0j 0j 0j (0.06989489325635305+0j) 
(0.5217751864816165+0j) 0j 0j 0j 0j (0.27826713989693874+0j) 0j 0j 0j 0j (0.130045488959194+0j) 0j 0j 0j 0j (0.06991218466225077+0j) 
(0.5218129345096071+0j) 0j 0j 0j 0j (0.27807947153944934+0j) 0j 0j 0j 0j (0.13017821849564828+0j) 0j 0j 0j 0j (0.0699293754552951+0j) 
(0.5218505658514799+0j) 0j 0j 0j 0j (0.27789225784880217+0j) 0j 0j 0j 0j (0.13031071012104153+0j) 0j 0j 0j 0j (0.06994646617867632+0j) 
(0.5218880808882194+0j) 0j 0j 0j 0j (0.2777054976156408+0j) 0j 0j 0j 0j (0.13044296412324238+0j) 0j 0j 0j 0j (0.06996345737289766+0j) 
(0.5219254799995119+0j) 0j 0j 0j 0j (0.2775191896342002+0j) 0j 0j 0j 0j (0.1305749807904933+0j) 0j 0j 0j 0j (0.06998034957579463+0j) 
(0.5219627635637535+0j) 0j 0j 0j 0j (0.27733333270229055+0j) 0j 0j 0j 0j (0.1307067604114016+0j) 0j 0j 0j 0j (0.0699971433225543+0j) 
