Tc = 0.6606763453727521
Th = 4.700782656252254
Tw = 1.4426950408889627
